0.000000000000000000e+00 0.000000000000000000e+00 0.000000000000000000e+00
9.734133497713882976e-04 9.100213654349917358e-04 7.319318201907572263e-04
1.809436703136976798e-03 1.691169593789808301e-03 1.367144519546937415e-03
2.553026521913713542e-03 2.387385366393782182e-03 1.936691934911666246e-03
3.229666956513530668e-03 3.021927986081349160e-03 2.458467550143311753e-03
3.853998934391388020e-03 3.607498568625584767e-03 2.945056789549978932e-03
4.436307604495270257e-03 4.153358035022973460e-03 3.403744059679532363e-03
4.984366715567161571e-03 4.666012241671402272e-03 3.840078102197715809e-03
5.503163149397014009e-03 5.153149397598533188e-03 4.263243530251672325e-03
6.000338663878376777e-03 5.618122381100175422e-03 4.670694958165751143e-03
6.486470603888447317e-03 6.073413292816964848e-03 5.064232656076552569e-03
6.957243090033409655e-03 6.511000213713445672e-03 5.446202212774146206e-03
7.414130002749378529e-03 6.933689878670261375e-03 5.817611718313742131e-03
7.857645848388827847e-03 7.342981956230745788e-03 6.179162139865770204e-03
8.289774089341367391e-03 7.740855897366311078e-03 6.542839243868406318e-03
8.711138232820700433e-03 8.128562007068303175e-03 6.904963282271289748e-03
9.122982305110209633e-03 8.507645916876593190e-03 7.258555028071093929e-03
9.528045456304236327e-03 8.878939293119759990e-03 7.606387408668653649e-03
9.933402029551060414e-03 9.258420611804020484e-03 7.948703660425271433e-03
1.034175870222532254e-02 9.632646102767553065e-03 8.285908134739384395e-03
1.073830440018985408e-02 1.000100535280850148e-02 8.630215223892998000e-03
1.112511034056940656e-02 1.036070499749042889e-02 8.973803778581715407e-03
1.150707801164731897e-02 1.070977095915047472e-02 9.313937523906273830e-03
1.188510573066406395e-02 1.105417847467744796e-02 9.650813096522152523e-03
1.225882955073013744e-02 1.139422201839188076e-02 9.983889315077886656e-03
1.263017608305711664e-02 1.174038583241648198e-02 1.031887073229606488e-02
1.300853639253060287e-02 1.208380852034623976e-02 1.065622490387770765e-02
1.338327446209266330e-02 1.242379604808108509e-02 1.098986747898977531e-02
1.375456428286030847e-02 1.276003350954007382e-02 1.131801572913490941e-02
1.412319190056193427e-02 1.309305175063276566e-02 1.164371952436857663e-02
1.448919571896499503e-02 1.342396303739127120e-02 1.197224372411745050e-02
1.485228697440095849e-02 1.375645128497256231e-02 1.230339969094437769e-02
1.521876551837975100e-02 1.409000160519734146e-02 1.263267324448085274e-02
1.558953442528863281e-02 1.442094841082579640e-02 1.296045341321069508e-02
1.595816631576617642e-02 1.475000104933124265e-02 1.328591772663976350e-02
1.631912102504523218e-02 1.507733471458095123e-02 1.361617776398173912e-02
1.667657515957677791e-02 1.540213020950090619e-02 1.394671823136089950e-02
1.703201866372709011e-02 1.572421658361381272e-02 1.427588661378639823e-02
1.738943055592547318e-02 1.604712897177095615e-02 1.460165751673764625e-02
1.775298178568921956e-02 1.636857603618271928e-02 1.492697830544762252e-02
1.811418870461599037e-02 1.668911528402617153e-02 1.525627179422148205e-02
1.847384509664940638e-02 1.700860851994447434e-02 1.558457634862132207e-02
1.883225660855003189e-02 1.732608223488811897e-02 1.591158217860677918e-02
1.919000291731925295e-02 1.764626150334030683e-02 1.623763329041783346e-02
1.955256679504270220e-02 1.796588394490638424e-02 1.656755566569593704e-02
1.991856684239201938e-02 1.828500602222213334e-02 1.689740992029988356e-02
2.028378872939770941e-02 1.860317166480638523e-02 1.722651216245050729e-02
2.064534632314378795e-02 1.892090997041444289e-02 1.755467175054222992e-02
2.100282661431482692e-02 1.923869080234103662e-02 1.788219008647446220e-02
2.136044054329950051e-02 1.955812016114700722e-02 1.821096904299668306e-02
2.172503543439112741e-02 1.987335531656338541e-02 1.853894178519070735e-02
2.208880170149954414e-02 2.018783025506794976e-02 1.886604950468634759e-02
2.245179707560514271e-02 2.050152242165060798e-02 1.919462371899297026e-02
2.281394856270476529e-02 2.081470482713090875e-02 1.952563903892003475e-02
2.317529925612086400e-02 2.112909369693985462e-02 1.985617199501362243e-02
2.354542386950836744e-02 2.144324220971135717e-02 2.018597668525897587e-02
2.391506745403977272e-02 2.175677485807769179e-02 2.051622080616026175e-02
2.428399183167272157e-02 2.206974979271921627e-02 2.084706615643416514e-02
2.465051971157835795e-02 2.238235475359806603e-02 2.117743522178243062e-02
2.501480530247434872e-02 2.269575006533116474e-02 2.150736601837644271e-02
2.538444054750995521e-02 2.300923203636722619e-02 2.183811974023724609e-02
2.575395106381308738e-02 2.332080618673580685e-02 2.217145301590375470e-02
2.612295339268195030e-02 2.363022103099433543e-02 2.250443329141112517e-02
2.649114376436657523e-02 2.393931089828927120e-02 2.283698721238460946e-02
2.685971251287947587e-02 2.424893762164356814e-02 2.317040987622899506e-02
2.722928738623126010e-02 2.456068689898431925e-02 2.350399228223282871e-02
2.759837966707271231e-02 2.487199728329385351e-02 2.383664751328166617e-02
2.796714422433204533e-02 2.518330633140395541e-02 2.416895572608907666e-02
2.833443882552171694e-02 2.549423497996499560e-02 2.450232321254330187e-02
2.869939562290911572e-02 2.580551991675582302e-02 2.483698390429175951e-02
2.906437115804005183e-02 2.612046206996787925e-02 2.517144400839799179e-02
2.942911119003083220e-02 2.643469759905792832e-02 2.550585123593102771e-02
2.979325885239433175e-02 2.674773291974985243e-02 2.584175668859090697e-02
3.015725896958673657e-02 2.705916517348685643e-02 2.617669774464938953e-02
3.052366306925398051e-02 2.737085423729967298e-02 2.651127114757647479e-02
3.088990336905184098e-02 2.768695111283861476e-02 2.684575971740534028e-02
3.125594633229387964e-02 2.800292440542242328e-02 2.718269380206612268e-02
3.162150424119619663e-02 2.831885453619954751e-02 2.752008249357769387e-02
3.198589455112264834e-02 2.863470781057033537e-02 2.785735548876724227e-02
3.234989059254627514e-02 2.895152475282471161e-02 2.819477854341043838e-02
3.271325127571048791e-02 2.927182379455431360e-02 2.853411826334321943e-02
3.307635272699864515e-02 2.959185196498676645e-02 2.887210821573334835e-02
3.343923919004523210e-02 2.991043836186933758e-02 2.920992072825759345e-02
3.380375072771921174e-02 3.022785871942473140e-02 2.954882330058090228e-02
3.416850378030537871e-02 3.054804005913495241e-02 2.988922809134215292e-02
3.453324919238071056e-02 3.087071546939351707e-02 3.022955193099858412e-02
3.489762102642178510e-02 3.119361365061713159e-02 3.056970989849105980e-02
3.526135611710376483e-02 3.151628406333475269e-02 3.091189394095131271e-02
3.562528845717458093e-02 3.183896343826102954e-02 3.125285302394707060e-02
3.598924369148594204e-02 3.216626820559578132e-02 3.159397301848244910e-02
3.635328699695791754e-02 3.249385789244794293e-02 3.193527899600266673e-02
3.671716048124963605e-02 3.282094393380272784e-02 3.227898909762097479e-02
3.708304498644594827e-02 3.314629476776453226e-02 3.262279398418375248e-02
3.745034560607952978e-02 3.347399212975254307e-02 3.296661166329080406e-02
3.781759913373075599e-02 3.380417002048424768e-02 3.331138402499411039e-02
3.818482855973365925e-02 3.413470895604429206e-02 3.365589815729678330e-02
3.855134585582410678e-02 3.446501072903716129e-02 3.400045911727994641e-02
3.891928167319570753e-02 3.479611611970082063e-02 3.434495005392146361e-02
3.928722353101044007e-02 3.513129246816900503e-02 3.469277992065146476e-02
3.965556770653057284e-02 3.546664149371645675e-02 3.504090945383494388e-02
4.002403763240251766e-02 3.580167505877476786e-02 3.538911729858487676e-02
4.039510385972522322e-02 3.613509276331690334e-02 3.573751110774212730e-02
4.076680221713478713e-02 3.647248426569618673e-02 3.608685731749065179e-02
4.113849153977397477e-02 3.681033861362260212e-02 3.643630532975389996e-02
4.151008568749693650e-02 3.714827317938482198e-02 3.678587591416822289e-02
4.188197201985026374e-02 3.748666387429968466e-02 3.713866403526825538e-02
4.225567589590048523e-02 3.782798432146987355e-02 3.749129746934379281e-02
4.262932941528979613e-02 3.816993655770349603e-02 3.784348556794450008e-02
4.300286252288909594e-02 3.851181908013540794e-02 3.819634554371042351e-02
4.337720463891595046e-02 3.885322526718191366e-02 3.855034109792804947e-02
4.375512353480155714e-02 3.919615023918169433e-02 3.890450313332949328e-02
4.413315001042468488e-02 3.954037554975044916e-02 3.925971467227769296e-02
4.451080946900379254e-02 3.988469800139932131e-02 3.961733061686060348e-02
4.488764645775456669e-02 4.022924584625127420e-02 3.997467758018254796e-02
4.526774560712990697e-02 4.057732570774877368e-02 4.033044968672402919e-02
4.564845076374310362e-02 4.092695203171979601e-02 4.068883024352070582e-02
4.602898127839942510e-02 4.127666731428783486e-02 4.104756895126242949e-02
4.640939241641542368e-02 4.162626894727264326e-02 4.140642759548574664e-02
4.679322056213047754e-02 4.197794103048644448e-02 4.176753631853152154e-02
4.717861485776670555e-02 4.233055610093977572e-02 4.212956209694029841e-02
4.756385900108375114e-02 4.268357312393337988e-02 4.249043119379016659e-02
4.794837987332528639e-02 4.303674277804598464e-02 4.285242328552874708e-02
4.833453549662725807e-02 4.339395460899635182e-02 4.321677550576763505e-02
4.872201267390301183e-02 4.375152891314901954e-02 4.358112616577040910e-02
4.910971997410691625e-02 4.410921549990895474e-02 4.394592947566394042e-02
4.949764047248542825e-02 4.446805041056236391e-02 4.431252976689976919e-02
4.988816928514551441e-02 4.482787473985708204e-02 4.467866683144391948e-02
5.028007494562883317e-02 4.518787114551636730e-02 4.504500966953171870e-02
5.067195754773912847e-02 4.554796547651866756e-02 4.541501020357313623e-02
5.106244069819845799e-02 4.591081300096368223e-02 4.578538598676035881e-02
5.145532340745672534e-02 4.627574777039684256e-02 4.615545395976792392e-02
5.184962402876076848e-02 4.664086811163829088e-02 4.652722085655424528e-02
5.224447874421105087e-02 4.700585004141283330e-02 4.689993398382995976e-02
5.263951978379520502e-02 4.737432277900550937e-02 4.727274071970467839e-02
5.303873373645721923e-02 4.774172016062556978e-02 4.764800142562971436e-02
5.343881078556082798e-02 4.810933836692002363e-02 4.802436151169773432e-02
5.383850003181795546e-02 4.847865051263055419e-02 4.839920925605780549e-02
5.423547827845148772e-02 4.884999643023041349e-02 4.877624237628427201e-02
5.463700324654027773e-02 4.922164324477345393e-02 4.915484955349680440e-02
5.503874256702379064e-02 4.959346571842872947e-02 4.953349557615099180e-02
5.544076266865026470e-02 4.996859159276542672e-02 4.991502900179422414e-02
5.584469757265687895e-02 5.034194713963745932e-02 5.029724488957545980e-02
5.625307803133521023e-02 5.071553504099275689e-02 5.067921124089482671e-02
5.666112881721623723e-02 5.109118167628907969e-02 5.106370853531469467e-02
5.706695907708489446e-02 5.146892116015226032e-02 5.144988537707442106e-02
5.747475125908768634e-02 5.184677559792506135e-02 5.183604553215102190e-02
5.788506430889253651e-02 5.222520208729420493e-02 5.222363892216522890e-02
5.829578958694786595e-02 5.260653987835366141e-02 5.261234768708761972e-02
5.870681431188290444e-02 5.298606223531663467e-02 5.300113085882111191e-02
5.912283544058323514e-02 5.336604841100128088e-02 5.339266726284503523e-02
5.953891688508054780e-02 5.374915150731361668e-02 5.378535245902073963e-02
5.995269687989207563e-02 5.413334211282723463e-02 5.417706847779182877e-02
6.036857605290114892e-02 5.451775368056076959e-02 5.457240636449640220e-02
6.078786897031798059e-02 5.490364819337033297e-02 5.496859714372256955e-02
6.120735223030621813e-02 5.529082901221336888e-02 5.536504089752884716e-02
6.162706332696237660e-02 5.567707900190661113e-02 5.576591895398493037e-02
6.205219475539919260e-02 5.606445563230192525e-02 5.616552445110144925e-02
6.247715885129996594e-02 5.645489080575015473e-02 5.656622215033196843e-02
6.289959456367434643e-02 5.684553959764090947e-02 5.697003393706671220e-02
6.332475655054511932e-02 5.723643014289266778e-02 5.737405459560692561e-02
6.375173646676876582e-02 5.763038333133457813e-02 5.777936644645643993e-02
6.417898922066136991e-02 5.802266740577528142e-02 5.818603651839353297e-02
6.460783044132738240e-02 5.841475051118214662e-02 5.859306083218587813e-02
6.504052306957677776e-02 5.880972515668102946e-02 5.900313049482863031e-02
6.547139221970521561e-02 5.920524986026150238e-02 5.941451542184789103e-02
6.590134437196887296e-02 5.960100242434663437e-02 5.982486473221137330e-02
6.633719885581859654e-02 5.999971561549588550e-02 6.023876912986841220e-02
6.677356714789529912e-02 6.039835592523643687e-02 6.065297806701654137e-02
6.720999505287832132e-02 6.079661094877340105e-02 6.106850342767250472e-02
6.765096859349949143e-02 6.119748759123352227e-02 6.148622608339332496e-02
6.809174368251606768e-02 6.159974453126779159e-02 6.190312461375482855e-02
6.853133328365776378e-02 6.200255955731706625e-02 6.232276612698461893e-02
6.897436656741304239e-02 6.240749897946450825e-02 6.274371031515368902e-02
6.941965443568165472e-02 6.281266250896841430e-02 6.316491844962789093e-02
6.986520685585373425e-02 6.321716096174809230e-02 6.358783777509695312e-02
7.031365636498926319e-02 6.362370321258668804e-02 6.401102536198188808e-02
7.076304086379792135e-02 6.403162616461627321e-02 6.443583546067740975e-02
7.121171717605158380e-02 6.443981780147078897e-02 6.486273341512463486e-02
7.166321085772671406e-02 6.485063389586338822e-02 6.528889508726490321e-02
7.211793126621587890e-02 6.526165657955115829e-02 6.571844433920565054e-02
7.257289960495472148e-02 6.567240891776437994e-02 6.614866583173220627e-02
7.303107641123049443e-02 6.608567221154601490e-02 6.658041975841418048e-02
7.349083977892392761e-02 6.649987265172857542e-02 6.701508125286390061e-02
7.395069864863725029e-02 6.691436220285615355e-02 6.744939046442602337e-02
7.441403126348639097e-02 6.733062497275146829e-02 6.788668536211070470e-02
7.488027765813520809e-02 6.774604538396267195e-02 6.832497780066261461e-02
7.534645056420813392e-02 6.816184606192522699e-02 6.876408081954207829e-02
7.581541247990514210e-02 6.858083838107609242e-02 6.920487753710112544e-02
7.628515837115439069e-02 6.900022112087780823e-02 6.964596744745923940e-02
7.675516759312978055e-02 6.941997823408428692e-02 7.009049309958220730e-02
7.722996325839785736e-02 6.984199574736668636e-02 7.053559478820833895e-02
7.770579873074384691e-02 7.026346681423170648e-02 7.098130037235733658e-02
7.818154169918385687e-02 7.068601788506592709e-02 7.142931642246867774e-02
7.866133773316068278e-02 7.111125698889389501e-02 7.187762742774533864e-02
7.914149700543396393e-02 7.153643250567293110e-02 7.232967319651123494e-02
7.962337689229104232e-02 7.196304475363440867e-02 7.278109801055937522e-02
8.010985704101174221e-02 7.238991040710236746e-02 7.323562447254616803e-02
8.059638858583820231e-02 7.281710607304814342e-02 7.369227959821264551e-02
8.108342778071192525e-02 7.324647897321091838e-02 7.414987383917216734e-02
8.157286860661500105e-02 7.367667395781871131e-02 7.461070119081622543e-02
8.206247449911770186e-02 7.410729632543991419e-02 7.507170883223054925e-02
8.255665776181916882e-02 7.453931642727258666e-02 7.553625279606250575e-02
8.305160652136123201e-02 7.497163535114587107e-02 7.600079514283442084e-02
8.354542596318405290e-02 7.540479462253973919e-02 7.646669177501488890e-02
8.404257266345510624e-02 7.583972103407865539e-02 7.693430489411409723e-02
8.453996828596196944e-02 7.627486815924208741e-02 7.740321382595213850e-02
8.504031400018294273e-02 7.671060349711424087e-02 7.787477446065849129e-02
8.554208830601185698e-02 7.714793044363051078e-02 7.834613479680346826e-02
8.604230545353851178e-02 7.758570418585579442e-02 7.882149987796269186e-02
8.654699802319265611e-02 7.802600723424728268e-02 7.929718434203182620e-02
8.705194007806386913e-02 7.846693618216826760e-02 7.977483131299284436e-02
8.755903216157701063e-02 7.890731357681385338e-02 8.025319799779742636e-02
8.806733784200559967e-02 7.934976697077147922e-02 8.073351060506801791e-02
8.857423990526279434e-02 7.979256975284537701e-02 8.121547066657469616e-02
8.908412329840048605e-02 8.023722386250900507e-02 8.169761748978579541e-02
8.959423057045513838e-02 8.068315537423015327e-02 8.218226076962351079e-02
9.010562300558244697e-02 8.112776278884627212e-02 8.266765367161088562e-02
9.061680994068065098e-02 8.157510078030241751e-02 8.315611470689665552e-02
9.112747994233538762e-02 8.202277656896711511e-02 8.364407124364212076e-02
9.164077363219300110e-02 8.247175165818063092e-02 8.413528915330538427e-02
9.215409872506553912e-02 8.292202001141044110e-02 8.462683798227213505e-02
9.266798235483152124e-02 8.337136898088595705e-02 8.512070386614711826e-02
9.318006997076647147e-02 8.382341457791700479e-02 8.561531572747679841e-02
9.369262389560201187e-02 8.427599232517425654e-02 8.611244823784316993e-02
9.420700577534865672e-02 8.472998601264178364e-02 8.661072636505826039e-02
9.472157948753684442e-02 8.518508951990520772e-02 8.711026906976598871e-02
9.523579950907432035e-02 8.564024004878106888e-02 8.761160271625278995e-02
9.574997026976261871e-02 8.609799078957375285e-02 8.811477092288479140e-02
9.626465800213825086e-02 8.655643972999385594e-02 8.861952672682921195e-02
9.677965972873223133e-02 8.701579245518642480e-02 8.912535546952958521e-02
9.729411996629185044e-02 8.747529169185716547e-02 8.963325568338680049e-02
9.780756725477071645e-02 8.793528609169641574e-02 9.014220095805033917e-02
9.832152521418772995e-02 8.839769528408511490e-02 9.065330265535154197e-02
9.883612214700784881e-02 8.886073527420798590e-02 9.116544982597162006e-02
9.935156844179465763e-02 8.932390894807780424e-02 9.168114647584853227e-02
9.986516356376819170e-02 8.978853564838415457e-02 9.219667812791586259e-02
1.003797358815975288e-01 9.025365945909062659e-02 9.271502316332609628e-02
1.008944107791784617e-01 9.072096522944192443e-02 9.323411593820646326e-02
1.014102572505836686e-01 9.118819065384488332e-02 9.375590388392943120e-02
1.019250472388057022e-01 9.165642940520700443e-02 9.427780149357530004e-02
1.024401993903784475e-01 9.212668380800954904e-02 9.480279456521077674e-02
1.029571427792051741e-01 9.259714193245523195e-02 9.532830990401976179e-02
1.034744831225662132e-01 9.307014210263488130e-02 9.585559380173339084e-02
1.039917986511621484e-01 9.354192845243766707e-02 9.638384064142346830e-02
1.045095576908438156e-01 9.401585997932113137e-02 9.691510874962870614e-02
1.050280227306372854e-01 9.449081253899321853e-02 9.744692969267036708e-02
1.055480204971247504e-01 9.496683927718983786e-02 9.798219256508790276e-02
1.060665383171652543e-01 9.544336129500957666e-02 9.851847663723278803e-02
1.065863120527660440e-01 9.592013832061695167e-02 9.905687168922878982e-02
1.071062463848753976e-01 9.639943250496668670e-02 9.959591932914831081e-02
1.076276356548573343e-01 9.687910301384936029e-02 1.001371995000804316e-01
1.081485394246103210e-01 9.735998015613309131e-02 1.006798421876605870e-01
1.086698097385364326e-01 9.784185737005338113e-02 1.012242996307360504e-01
1.091918295580656673e-01 9.832446759238652745e-02 1.017703344185592607e-01
1.097143111976360275e-01 9.880864494493311889e-02 1.023179328471786886e-01
1.102370965575818068e-01 9.929219237265894671e-02 1.028663214425207806e-01
1.107603959260139437e-01 9.977801567166469376e-02 1.034159048559131211e-01
1.112852830034897350e-01 1.002640199233810064e-01 1.039680595232152643e-01
1.118119508303173498e-01 1.007523700886774204e-01 1.045202673203226851e-01
1.123376151223059033e-01 1.012407640166275713e-01 1.050758008378509939e-01
1.128650730753848197e-01 1.017299620503303026e-01 1.056321637037414690e-01
1.133928531448959026e-01 1.022202191347270916e-01 1.061902120514914977e-01
1.139222539403170475e-01 1.027115217212859338e-01 1.067486567819016796e-01
1.144513111330805188e-01 1.032036930943837222e-01 1.073095680778712729e-01
1.149820045295771587e-01 1.036960406599453793e-01 1.078707299941819714e-01
1.155147025658875282e-01 1.041905178751944966e-01 1.084332398193680880e-01
1.160467123097739389e-01 1.046854646954226004e-01 1.089967941958343428e-01
1.165797978771475479e-01 1.051805751445039905e-01 1.095610246622934492e-01
1.171129394014604475e-01 1.056763485250954426e-01 1.101266506903864906e-01
1.176483021644119248e-01 1.061730351760400981e-01 1.106936000681384702e-01
1.181819561002542956e-01 1.066708285259073130e-01 1.112621531942671049e-01
1.187171246421973442e-01 1.071682378258187601e-01 1.118310211961078826e-01
1.192534115971315145e-01 1.076673538645614298e-01 1.124019898743502666e-01
1.197900828427504033e-01 1.081668992248410732e-01 1.129731158419420289e-01
1.203270653060999479e-01 1.086681845439969318e-01 1.135454605703496989e-01
1.208642927616954688e-01 1.091690321110377337e-01 1.141191435306216084e-01
1.214043094364165576e-01 1.096714864475209494e-01 1.146942357459481698e-01
1.219426778431675074e-01 1.101746559593344277e-01 1.152705753736638500e-01
1.224826238678494161e-01 1.106781479346902602e-01 1.158482014966516621e-01
1.230231119003019347e-01 1.111821608420920648e-01 1.164273109748707319e-01
1.235643472521527619e-01 1.116874487830302187e-01 1.170068991366424865e-01
1.241052747116028754e-01 1.121941896332949440e-01 1.175886900011125363e-01
1.246474733387287481e-01 1.127004813012558448e-01 1.181705950708596131e-01
1.251919340639404687e-01 1.132081253979895091e-01 1.187539129875924832e-01
1.257351512833917440e-01 1.137163742275996287e-01 1.193377740022122796e-01
1.262800169040775855e-01 1.142254443226818628e-01 1.199213429065481978e-01
1.268251305224578074e-01 1.147342338369979897e-01 1.205056442706353564e-01
1.273712245787457786e-01 1.152453985847703838e-01 1.210904765737062794e-01
1.279169067360202416e-01 1.157569053011717475e-01 1.216765404560564701e-01
1.284646886465160287e-01 1.162687801153728107e-01 1.222633969532347376e-01
1.290132829154372607e-01 1.167810305250726460e-01 1.228520752807670952e-01
1.295617003341584805e-01 1.172951445698166562e-01 1.234407324541046264e-01
1.301110339254659964e-01 1.178093472407615167e-01 1.240302903062973916e-01
1.306614665884679449e-01 1.183243032799648209e-01 1.246206107760939735e-01
1.312114753619345042e-01 1.188401221066464758e-01 1.252108136422374063e-01
1.317619710273037481e-01 1.193574725684140442e-01 1.258025532402061719e-01
1.323144668923924294e-01 1.198753088472710449e-01 1.263944548973114090e-01
1.328656473677858330e-01 1.203943513854130315e-01 1.269870581757134298e-01
1.334183247489733048e-01 1.209151158082287791e-01 1.275807030868083003e-01
1.339712924255795079e-01 1.214361331354796431e-01 1.281745691998911751e-01
1.345252749832355765e-01 1.219581507012035548e-01 1.287692579391087611e-01
1.350786923486435587e-01 1.224812345733015811e-01 1.293646068197762400e-01
1.356341022809292585e-01 1.230054800985104502e-01 1.299605636597835345e-01
1.361897447061783395e-01 1.235302437195587161e-01 1.305573409338436075e-01
1.367458805302860791e-01 1.240573476842916356e-01 1.311552383724116366e-01
1.373032306779357059e-01 1.245852113074451817e-01 1.317533131174866146e-01
1.378613179566681168e-01 1.251142161661861207e-01 1.323519230442993244e-01
1.384192666081418832e-01 1.256437753337691643e-01 1.329511742382065709e-01
1.389781155859637074e-01 1.261752493603456038e-01 1.335506107690451194e-01
1.395379497064692109e-01 1.267065188072194759e-01 1.341508708652239534e-01
1.400975150806287317e-01 1.272402125170451759e-01 1.347516307714294315e-01
1.406592615728507467e-01 1.277748319004340383e-01 1.353531207991415797e-01
1.412214107904665172e-01 1.283112690269544165e-01 1.359563899058701675e-01
1.417843796006257318e-01 1.288479668457399030e-01 1.365596167152780815e-01
1.423476740405122953e-01 1.293869644494261006e-01 1.371641174910593064e-01
1.429119368154878611e-01 1.299257574832624884e-01 1.377689528615025083e-01
1.434751332696417303e-01 1.304656967701064152e-01 1.383740842304426732e-01
1.440404784916532455e-01 1.310065692808214943e-01 1.389805143621857808e-01
1.446055507726956013e-01 1.315487882967452116e-01 1.395866002771810332e-01
1.451722691331513437e-01 1.320913514254410392e-01 1.401940016891835006e-01
1.457393164198803326e-01 1.326363095988307150e-01 1.408021743961099803e-01
1.463083749743536166e-01 1.331816774762221711e-01 1.414109248455578116e-01
1.468769539048078443e-01 1.337282010011958400e-01 1.420205906213858338e-01
1.474473299376858337e-01 1.342756292687789510e-01 1.426299452435851323e-01
1.480176884775578627e-01 1.348238725896964141e-01 1.432395755827426398e-01
1.485894311562285242e-01 1.353723230807112321e-01 1.438496333720101772e-01
1.491620092615631721e-01 1.359221144968717487e-01 1.444597157288632361e-01
1.497364397924120238e-01 1.364729984048756450e-01 1.450707532025733437e-01
1.503111787388685117e-01 1.370247400843164487e-01 1.456817890155746864e-01
1.508878278473951284e-01 1.375780365284596241e-01 1.462936978001505017e-01
1.514643859839677753e-01 1.381327826066375275e-01 1.469061665725430177e-01
1.520422894074888454e-01 1.386883777318250466e-01 1.475187672052452603e-01
1.526210317979146414e-01 1.392452378215125464e-01 1.481323020494063614e-01
1.532011293334051838e-01 1.398036606920347868e-01 1.487457608008249665e-01
1.537820752266077229e-01 1.403625132271008047e-01 1.493605578243703547e-01
1.543642643912445100e-01 1.409235768268795874e-01 1.499761387985727723e-01
1.549463039637629658e-01 1.414852668496622556e-01 1.505919860125565501e-01
1.555293727503020140e-01 1.420485056115787237e-01 1.512089969031949199e-01
1.561128025174612355e-01 1.426122761146166040e-01 1.518257375252698438e-01
1.566972853095480733e-01 1.431777969825662744e-01 1.524431584498363301e-01
1.572825926031537758e-01 1.437431996922899635e-01 1.530609016397668776e-01
1.578698094711740163e-01 1.443107016729935632e-01 1.536785277897772528e-01
1.584577258125673127e-01 1.448788554349043078e-01 1.542971826304266880e-01
1.590479863296364038e-01 1.454480272747956660e-01 1.549158464650570166e-01
1.596383364109793257e-01 1.460187787117342428e-01 1.555353533976319147e-01
1.602301002011368991e-01 1.465905845448575995e-01 1.561554889124419088e-01
1.608222344186242547e-01 1.471633644811833341e-01 1.567758180578770200e-01
1.614151200093268679e-01 1.477375567015344338e-01 1.573971599971244195e-01
1.620087388752467217e-01 1.483123528617424358e-01 1.580185170475908452e-01
1.626042094696974472e-01 1.488872875669850770e-01 1.586407205395933273e-01
1.631994284250241345e-01 1.494645088793460364e-01 1.592636819921207925e-01
1.637980463785039809e-01 1.500414172179742323e-01 1.598873290643726963e-01
1.643956543814590887e-01 1.506205112130542534e-01 1.605117291835727600e-01
1.649951565365390949e-01 1.512007875677306434e-01 1.611365087127397122e-01
1.655951371558903873e-01 1.517820064538626113e-01 1.617618895953995828e-01
1.661948664192174629e-01 1.523645567609212548e-01 1.623879216192592179e-01
1.667956629545164216e-01 1.529479567624846548e-01 1.630146934011375004e-01
1.673972136844527059e-01 1.535315959534959696e-01 1.636416359559236533e-01
1.679992480317067105e-01 1.541161866888378085e-01 1.642694573104696854e-01
1.686032976384645721e-01 1.547020884203689217e-01 1.648976110592650646e-01
1.692072569187686726e-01 1.552881318171901170e-01 1.655274669519070652e-01
1.698126340692928393e-01 1.558760924985842233e-01 1.661578807744669151e-01
1.704191314238783228e-01 1.564641028418422009e-01 1.667882320459610768e-01
1.710256707422244116e-01 1.570537485882156081e-01 1.674194941035956341e-01
1.716339380694640593e-01 1.576448085110448705e-01 1.680504345437955904e-01
1.722421846893718300e-01 1.582360537429136627e-01 1.686822500945472925e-01
1.728519128040282016e-01 1.588299485363318109e-01 1.693143201037364265e-01
1.734621583119541344e-01 1.594240257442890163e-01 1.699467757393081646e-01
1.740731244529735988e-01 1.600192323974533870e-01 1.705793947080847528e-01
1.746849369456910939e-01 1.606154941813175419e-01 1.712121519796380442e-01
1.752977783169074877e-01 1.612124046468770833e-01 1.718450772070144461e-01
1.759110044188057498e-01 1.618110777273662204e-01 1.724786823104354494e-01
1.765262841700864782e-01 1.624104543880047768e-01 1.731128783991245090e-01
1.771413936285802793e-01 1.630112176621269227e-01 1.737470159587858609e-01
1.777584278449628186e-01 1.636129482747573916e-01 1.743822076840611801e-01
1.783757856527697083e-01 1.642156840547089880e-01 1.750173608531528369e-01
1.789941312981014054e-01 1.648193847509364651e-01 1.756540841761198291e-01
1.796139668746553897e-01 1.654241771545767459e-01 1.762913945099847390e-01
1.802334546351633260e-01 1.660300165832171992e-01 1.769293550726961928e-01
1.808549543123529335e-01 1.666369564169278283e-01 1.775679076947987711e-01
1.814760136600845064e-01 1.672455036683575258e-01 1.782067751519261500e-01
1.820993231700819559e-01 1.678551415546942482e-01 1.788456091130587178e-01
1.827230818784873201e-01 1.684663146399375810e-01 1.794857254486983689e-01
1.833481837807741377e-01 1.690787983437696262e-01 1.801262518504136434e-01
1.839746837868769247e-01 1.696926514726002089e-01 1.807670360150715749e-01
1.846015489799834042e-01 1.703081427141147630e-01 1.814086958029877961e-01
1.852301481721070342e-01 1.709245893940658234e-01 1.820502610053458814e-01
1.858596412673594878e-01 1.715426664399813672e-01 1.826927824778216969e-01
1.864906206737084737e-01 1.721616738361507193e-01 1.833363814605865616e-01
1.871223303183630615e-01 1.727819844700561602e-01 1.839810844805183920e-01
1.877552296876552895e-01 1.734033228912242042e-01 1.846259237011407539e-01
1.883892692024345950e-01 1.740256587397430443e-01 1.852716381440898674e-01
1.890247629031668875e-01 1.746491073996461196e-01 1.859169513388895245e-01
1.896619240358414504e-01 1.752741225699695760e-01 1.865636980871023531e-01
1.903009165357143762e-01 1.759006708684679177e-01 1.872105951451927264e-01
1.909423067350345671e-01 1.765286454690939977e-01 1.878585779693570101e-01
1.915854616587672754e-01 1.771579762868467911e-01 1.885065739291301723e-01
1.922307296242521668e-01 1.777880956235959875e-01 1.891553137263705942e-01
1.928769899740060689e-01 1.784192925693874610e-01 1.898038299360749470e-01
1.935246900625231525e-01 1.790514598835909466e-01 1.904541569500962650e-01
1.941737097016963953e-01 1.796845038896712765e-01 1.911046078605623810e-01
1.948239500586260164e-01 1.803192359103912290e-01 1.917563557593143786e-01
1.954758378458928691e-01 1.809545457005169722e-01 1.924078118380889990e-01
1.961291372299931446e-01 1.815921743337549077e-01 1.930597009403937636e-01
1.967849634200204700e-01 1.822308719186432890e-01 1.937109985225050068e-01
1.974420425960908554e-01 1.828711408504743730e-01 1.943638220706417064e-01
1.981014812593976382e-01 1.835137054718963268e-01 1.950164874214254107e-01
1.987627886962545221e-01 1.841573991917955788e-01 1.956696964893849255e-01
1.994255721568236883e-01 1.848034070162037357e-01 1.963230403982909045e-01
2.000907624310861999e-01 1.854506434984143637e-01 1.969770731842862554e-01
2.007573274651832107e-01 1.860992440087027577e-01 1.976315390515809567e-01
2.014258731924266077e-01 1.867492911313975434e-01 1.982872375210281146e-01
2.020962418110916481e-01 1.874004356637866686e-01 1.989431797408988123e-01
2.027677524473730508e-01 1.880526864441111612e-01 1.995997909223065359e-01
2.034417416331845696e-01 1.887066589831241092e-01 2.002576439138232800e-01
2.041166806718270332e-01 1.893624020834453470e-01 2.009159974783314428e-01
2.047939438029190151e-01 1.900189961604403233e-01 2.015751322585458416e-01
2.054728138077653588e-01 1.906783079772852718e-01 2.022347522664716124e-01
2.061529444013185663e-01 1.913380469084324798e-01 2.028952626424594952e-01
2.068357636037333469e-01 1.919989727374668831e-01 2.035564820488960647e-01
2.075190109519370052e-01 1.926610671831259503e-01 2.042186374465434218e-01
2.082053298949783637e-01 1.933240897341709230e-01 2.048807978891645787e-01
2.088933569269413593e-01 1.939887712837421452e-01 2.055435731972435898e-01
2.095832623104629810e-01 1.946545811852086194e-01 2.062073245535234189e-01
2.102768473136130412e-01 1.953217498248631390e-01 2.068717644188279581e-01
2.109715439281230343e-01 1.959899186706611784e-01 2.075366544904371779e-01
2.116688517129669267e-01 1.966598754364687618e-01 2.082022682861206508e-01
2.123676429552349698e-01 1.973304651086739137e-01 2.088685416390186345e-01
2.130681732282030116e-01 1.980031116877809250e-01 2.095356286364932485e-01
2.137713768718673413e-01 1.986771218470677891e-01 2.102039000971850369e-01
2.144770472779271020e-01 1.993522929121420983e-01 2.108729237452787453e-01
2.151851603295181492e-01 2.000285410954542320e-01 2.115431726119976485e-01
2.158968872045629595e-01 2.007065205366662108e-01 2.122144715701533291e-01
2.166102065569254498e-01 2.013859746487841607e-01 2.128863114675164925e-01
2.173260849715057952e-01 2.020669476020948985e-01 2.135585343191040431e-01
2.180446650121637409e-01 2.027497541188240104e-01 2.142322854446203073e-01
2.187644740985379421e-01 2.034330824856831477e-01 2.149070814573034449e-01
2.194884258282844003e-01 2.041175917466385714e-01 2.155825070860667991e-01
2.202141147977108304e-01 2.048035169123090526e-01 2.162591219960698918e-01
2.209421963117822463e-01 2.054907402483617529e-01 2.169371748995763127e-01
2.216732312662940130e-01 2.061787640487166562e-01 2.176160939911643277e-01
2.224066056541716685e-01 2.068681524120499493e-01 2.182951385707570802e-01
2.231417191845600501e-01 2.075581400467454429e-01 2.189757490513967730e-01
2.238831444311207008e-01 2.082493407887878734e-01 2.196572236382987875e-01
2.246264324244144905e-01 2.089426483469379314e-01 2.203395684116918884e-01
2.253716940007636504e-01 2.096372138678498365e-01 2.210228968459773957e-01
2.261210290166368042e-01 2.103326071782113948e-01 2.217074143942346642e-01
2.268725191060513569e-01 2.110294722030301440e-01 2.223932771564579025e-01
2.276270032107585994e-01 2.117283547498508001e-01 2.230799561910973283e-01
2.283849806927280846e-01 2.124285799980637768e-01 2.237685327428257653e-01
2.291454407574094743e-01 2.131296553402183824e-01 2.244582292605824536e-01
2.299067446896491118e-01 2.138318461785407854e-01 2.251490645049714634e-01
2.306720638731727668e-01 2.145359320889224652e-01 2.258410755811180171e-01
2.314404884481749136e-01 2.152419436294799593e-01 2.265334932436466886e-01
2.322124815724156965e-01 2.159492951851796627e-01 2.272271041293049409e-01
2.329870308451524874e-01 2.166577671439400554e-01 2.279210444177899586e-01
2.337650315263150591e-01 2.173673671837737520e-01 2.286162866246979064e-01
2.345457883857389181e-01 2.180788138448627733e-01 2.293125455869811091e-01
2.353307404945381986e-01 2.187913874297984784e-01 2.300092575692097296e-01
2.361182707318346952e-01 2.195049727272349871e-01 2.307070793176040358e-01
2.369075594423459830e-01 2.202198141827561573e-01 2.314048465387917308e-01
2.376987488577544660e-01 2.209371251650838475e-01 2.321030717262954068e-01
2.384945143134189760e-01 2.216552891209172538e-01 2.328015868483272743e-01
2.392927189103294383e-01 2.223745408651562339e-01 2.335009282412021381e-01
2.400928954274712257e-01 2.230950817148880383e-01 2.342012533501165727e-01
2.408951193969814664e-01 2.238179113788495989e-01 2.349015898057712215e-01
2.417030915987814499e-01 2.245413131810849727e-01 2.356034604098188601e-01
2.425131057352550024e-01 2.252652487249775237e-01 2.363059915078455087e-01
2.433251278404384710e-01 2.259906659626837178e-01 2.370089160180398058e-01
2.441389277218279363e-01 2.267174937795133349e-01 2.377137148129707667e-01
2.449572938071743478e-01 2.274451419758088677e-01 2.384192188246937183e-01
2.457770091303070614e-01 2.281735470233640650e-01 2.391255299732938933e-01
2.465988381065434554e-01 2.289045621280267895e-01 2.398329065397349080e-01
2.474228372905835638e-01 2.296365198526841567e-01 2.405412252582321830e-01
2.482513724830156809e-01 2.303693546935122183e-01 2.412502303663700554e-01
2.490814114805435797e-01 2.311032254995504243e-01 2.419600915573286715e-01
2.499142687297335741e-01 2.318395036343099680e-01 2.426718653622178534e-01
2.507496100929403893e-01 2.325767545831728123e-01 2.433839634106043370e-01
2.515887024674476891e-01 2.333151377828013295e-01 2.440976341491934709e-01
2.524293188088517770e-01 2.340552388380668924e-01 2.448130797767251732e-01
2.532737009747263457e-01 2.347975694116439527e-01 2.455290993120388676e-01
2.541207331214834220e-01 2.355413171032875452e-01 2.462471357317241039e-01
2.549698226565406678e-01 2.362863976466003102e-01 2.469662954472163496e-01
2.558206471618227340e-01 2.370332620873748242e-01 2.476863072954918199e-01
2.566744826958832215e-01 2.377809072471588903e-01 2.484084564972545706e-01
2.575292420989162556e-01 2.385304107209010593e-01 2.491311900208422192e-01
2.583855361540480788e-01 2.392815198132409449e-01 2.498547565343334775e-01
2.592435346538216057e-01 2.400339949362176040e-01 2.505791126011902570e-01
2.601040212080708569e-01 2.407881917342420131e-01 2.513045443170243143e-01
2.609653548373827570e-01 2.415442596864156855e-01 2.520311057481707806e-01
2.618289136746675960e-01 2.423014399516440764e-01 2.527586394220327493e-01
2.626945887232382537e-01 2.430596789688113657e-01 2.534873190379732799e-01
2.635609903696154444e-01 2.438203912038707788e-01 2.542173883787054445e-01
2.644309096845910423e-01 2.445816370564529163e-01 2.549484762072397048e-01
2.653020694320903372e-01 2.453438384662228189e-01 2.556808818186973586e-01
2.661748796741570944e-01 2.461070782720226335e-01 2.564145490915596404e-01
2.670484177555496053e-01 2.468716576027537857e-01 2.571500965540588490e-01
2.679243910662829076e-01 2.476368722354387875e-01 2.578873979856115550e-01
2.688003878423040893e-01 2.484041196337417878e-01 2.586260520531953322e-01
2.696787643546421642e-01 2.491722276106135558e-01 2.593655820429989212e-01
2.705577244781548485e-01 2.499412051212385188e-01 2.601067450697890360e-01
2.714376237984902351e-01 2.507130454043982049e-01 2.608491722058691176e-01
2.723191214954655548e-01 2.514855729975810639e-01 2.615921622600103635e-01
2.732017819102916523e-01 2.522597903139685016e-01 2.623359968999731118e-01
2.740855585641408521e-01 2.530349572899520671e-01 2.630809058787995092e-01
2.749702988557430894e-01 2.538111457703227103e-01 2.638269998943245653e-01
2.758564664044876880e-01 2.545887030297834253e-01 2.645749702760353261e-01
2.767430556089858218e-01 2.553673455114101043e-01 2.653246096421817413e-01
2.776316072136066349e-01 2.561470218636809904e-01 2.660754036959742108e-01
2.785208141966324380e-01 2.569281780158615414e-01 2.668279209986658129e-01
2.794117882916455908e-01 2.577111190669151286e-01 2.675825789962245627e-01
2.803039871020187590e-01 2.584943555467601461e-01 2.683384210594462194e-01
2.811961400821320067e-01 2.592803084626256194e-01 2.690958214037131313e-01
2.820898062258613281e-01 2.600669708876777175e-01 2.698550680049766060e-01
2.829844414282292053e-01 2.608548080795221047e-01 2.706154545139630718e-01
2.838796204141116331e-01 2.616448368409971525e-01 2.713779336257574615e-01
2.847769022651927551e-01 2.624355305887150491e-01 2.721415510916262992e-01
2.856738878385714497e-01 2.632294142053913655e-01 2.729068306426349899e-01
2.865731309170747032e-01 2.640237638193649872e-01 2.736741147684677022e-01
2.874732790300852381e-01 2.648192282101088924e-01 2.744415660452999561e-01
2.883743073997669382e-01 2.656165498452243146e-01 2.752121493047215983e-01
2.892771694885947209e-01 2.664141372422103582e-01 2.759835581106270253e-01
2.901798182570614615e-01 2.672139360958884491e-01 2.767563762314917963e-01
2.910852105412825575e-01 2.680148426663715999e-01 2.775314671752297513e-01
2.919907994298638343e-01 2.688172564208740067e-01 2.783064813616620836e-01
2.928973462042459563e-01 2.696212612939880016e-01 2.790842044255297805e-01
2.938047061289663087e-01 2.704260221604347647e-01 2.798625942561207558e-01
2.947125443267765155e-01 2.712323157066566237e-01 2.806424305899859473e-01
2.956220413217798826e-01 2.720400192863722255e-01 2.814243684648641275e-01
2.965322522298947105e-01 2.728485162872980041e-01 2.822076722850129227e-01
2.974437962471959684e-01 2.736588065661891278e-01 2.829929589555273406e-01
2.983566367119606655e-01 2.744704450647130201e-01 2.837803836124115908e-01
2.992702142214330729e-01 2.752837006815210263e-01 2.845691720717851703e-01
3.001846273309201618e-01 2.760989452826759782e-01 2.853600190187475794e-01
3.010993255715981864e-01 2.769159366950831869e-01 2.861535638051674324e-01
3.020138330646535141e-01 2.777349404845375069e-01 2.869474399380741447e-01
3.029296857534231058e-01 2.785555518164756217e-01 2.877462054926043789e-01
3.038464040525670207e-01 2.793774263669581148e-01 2.885452608452743761e-01
3.047637458549554146e-01 2.802011278374164638e-01 2.893461700771458034e-01
3.056820486070568332e-01 2.810260205551373680e-01 2.901491031949525179e-01
3.066005489387059746e-01 2.818517130354935563e-01 2.909534339679235027e-01
3.075201090179683905e-01 2.826795429135066096e-01 2.917602769613871216e-01
3.084407439804248696e-01 2.835085969541332740e-01 2.925695706821830333e-01
3.093615390468646420e-01 2.843398848088058983e-01 2.933793642611556840e-01
3.102830837769939287e-01 2.851731106188615250e-01 2.941917132832700954e-01
3.112058440318613561e-01 2.860077682652663600e-01 2.950051250601685160e-01
3.121290406091978276e-01 2.868447440761821010e-01 2.958194624064090505e-01
3.130519990358775484e-01 2.876830727650263597e-01 2.966367344048290167e-01
3.139760512754153354e-01 2.885251178386114002e-01 2.974542791234159322e-01
3.149002557894188814e-01 2.893671628706709908e-01 2.982736898696507488e-01
3.158260885322055622e-01 2.902119131386118878e-01 2.990950316157328093e-01
3.167532196808688361e-01 2.910570525060273139e-01 2.999179216326007258e-01
3.176804785093609862e-01 2.919043122322792505e-01 3.007433306664283323e-01
3.186086455554997809e-01 2.927537877296029767e-01 3.015706189675489979e-01
3.195374556219907070e-01 2.936038896687671040e-01 3.023991860302706614e-01
3.204683109265818453e-01 2.944565753792605656e-01 3.032320454474833338e-01
3.213983197963951599e-01 2.953103708105428993e-01 3.040655048539289695e-01
3.223305422556183575e-01 2.961666772769080413e-01 3.049021927447635449e-01
3.232617040182876322e-01 2.970251755448621300e-01 3.057412209867309549e-01
3.241942362735060201e-01 2.978852659168334527e-01 3.065811179993634950e-01
3.251276928034790292e-01 2.987471469393898627e-01 3.074235166335325675e-01
3.260622131477355912e-01 2.996095195507658127e-01 3.082679657887023583e-01
3.269969321783366412e-01 3.004738295381444990e-01 3.091132384775278075e-01
3.279324329494342494e-01 3.013398744424302111e-01 3.099619073005840386e-01
3.288698660834681320e-01 3.022065958765994820e-01 3.108116605004000998e-01
3.298085628294768479e-01 3.030759368397976106e-01 3.116628434450720020e-01
3.307470556130656658e-01 3.039456098673050666e-01 3.125176845700240458e-01
3.316867366434753661e-01 3.048178808947526464e-01 3.133728969537273312e-01
3.326259919726034520e-01 3.056916806779571560e-01 3.142307404890522515e-01
3.335683298807520791e-01 3.065672857696881137e-01 3.150903010193100706e-01
3.345097270644982190e-01 3.074444669579964873e-01 3.159510906110056250e-01
3.354527500889539215e-01 3.083223142487165891e-01 3.168146073359218162e-01
3.363963266572023159e-01 3.092028774685033343e-01 3.176803961957396227e-01
3.373403640103090351e-01 3.100845424581142873e-01 3.185469006546263748e-01
3.382852857390900025e-01 3.109675798641067246e-01 3.194178304683770730e-01
3.392302124491097803e-01 3.118529335170993066e-01 3.202891817773276251e-01
3.401758799932573241e-01 3.127397089164977717e-01 3.211625809778266838e-01
3.411222830000627537e-01 3.136285559321782546e-01 3.220408408814887102e-01
3.420693222887293272e-01 3.145190680925121773e-01 3.229191219995243833e-01
3.430176924193031884e-01 3.154113198807703133e-01 3.238015470583451849e-01
3.439660828510265889e-01 3.163070197219429724e-01 3.246862473434326546e-01
3.449157611352809960e-01 3.172028525979829205e-01 3.255715360954715143e-01
3.458658127475702226e-01 3.181026482912305831e-01 3.264602366889632346e-01
3.468164664738211944e-01 3.190033079323958964e-01 3.273498296745242508e-01
3.477693834819958196e-01 3.199061997029488125e-01 3.282413238003375477e-01
3.487224819795284314e-01 3.208117009889471238e-01 3.291356874994768589e-01
3.496765698334687311e-01 3.217171050579210601e-01 3.300310246981849605e-01
3.506302751966879905e-01 3.226261842476206287e-01 3.309291880630556570e-01
3.515857219402734324e-01 3.235356393154576460e-01 3.318307949477896646e-01
3.525428615719898851e-01 3.244468725274082810e-01 3.327335225600113189e-01
3.534995568400625676e-01 3.253596228274034385e-01 3.336391194168406016e-01
3.544588512112895051e-01 3.262734996082413685e-01 3.345486416956482967e-01
3.554180015677634863e-01 3.271905234076899482e-01 3.354587019846778095e-01
3.563781205661845641e-01 3.281083245882674415e-01 3.363735416292181757e-01
3.573387529296448983e-01 3.290280678320637309e-01 3.372902307648660836e-01
3.582998467707554369e-01 3.299490058940033332e-01 3.382076677012488264e-01
3.592611862068142425e-01 3.308714559013611889e-01 3.391308808934072605e-01
3.602231276953420380e-01 3.317963115137367858e-01 3.400534674150023640e-01
3.611867630693461617e-01 3.327223656024158593e-01 3.409787724380197171e-01
3.621511383541616835e-01 3.336507627140289922e-01 3.419078717601316542e-01
3.631156314807857388e-01 3.345808707484421718e-01 3.428369546441585314e-01
3.640820432902342474e-01 3.355121454939763992e-01 3.437706088596583220e-01
3.650467811310447175e-01 3.364453948311267317e-01 3.447065070054748381e-01
3.660134054668982007e-01 3.373794526921415904e-01 3.456422886314720611e-01
3.669814139507911466e-01 3.383138016380973223e-01 3.465852757202173562e-01
3.679496071912913280e-01 3.392494962612950249e-01 3.475288124266029954e-01
3.689191304757173384e-01 3.401858101399259371e-01 3.484736977183175433e-01
3.698897879887866891e-01 3.411235086496629543e-01 3.494261752926604014e-01
3.708604505170846610e-01 3.420628217055982634e-01 3.503784379920473202e-01
3.718330539419731906e-01 3.430032495090636901e-01 3.513344015887169269e-01
3.728048613093344343e-01 3.439449606749321875e-01 3.522947906509058535e-01
3.737777429702477949e-01 3.448869125279193093e-01 3.532564203183973794e-01
3.747515391932373929e-01 3.458308956821129487e-01 3.542209183661936267e-01
3.757258488646041394e-01 3.467756849484268655e-01 3.551881767874552343e-01
3.767020119506533926e-01 3.477212474529873809e-01 3.561561421208556677e-01
3.776792370593072268e-01 3.486684993823617740e-01 3.571294832761802707e-01
3.786559656699428622e-01 3.496162586636101244e-01 3.581040869982867192e-01
3.796344789777503226e-01 3.505662333032671940e-01 3.590816833926321339e-01
3.806115656338666109e-01 3.515178470064822536e-01 3.600645749497968229e-01
3.815898281569841677e-01 3.524701492645734846e-01 3.610478086720158575e-01
3.825684696963712605e-01 3.534250913621873047e-01 3.620367164751444045e-01
3.835475456768395741e-01 3.543803909891798387e-01 3.630297151992860072e-01
3.845280344757871505e-01 3.553363677541495624e-01 3.640232405735618904e-01
3.855086535703994288e-01 3.562946319694160202e-01 3.650227355405083474e-01
3.864911632100982430e-01 3.572520573768568353e-01 3.660240053297770801e-01
3.874747627411593842e-01 3.582114132044612043e-01 3.670268993771170218e-01
3.884573262053018228e-01 3.591716225858567202e-01 3.680380666512693688e-01
3.894418999479378196e-01 3.601322951215782942e-01 3.690499134789764213e-01
3.904255041326559206e-01 3.610965509119890005e-01 3.700645542488506523e-01
3.914106831602551795e-01 3.620616776964566963e-01 3.710864512392853531e-01
3.923965155611209288e-01 3.630276920556295139e-01 3.721086154983386241e-01
3.933816577913690216e-01 3.639959631843905363e-01 3.731360176879137125e-01
3.943688703688321695e-01 3.649640453542906671e-01 3.741671868830240277e-01
3.953555260551161465e-01 3.659337074427757019e-01 3.752002193130140051e-01
3.963424184911283898e-01 3.669045200698988207e-01 3.762400976834332500e-01
3.973315884001406562e-01 3.678760956943104565e-01 3.772808817341680165e-01
3.983206372527504646e-01 3.688495908751547314e-01 3.783249024751813017e-01
3.993092889038353244e-01 3.698236554902392670e-01 3.793740238695839095e-01
4.003000222131493091e-01 3.707988294889720815e-01 3.804243646653261424e-01
4.012890227433135171e-01 3.717749312068875933e-01 3.814797908995581910e-01
4.022792987239257601e-01 3.727514396020493170e-01 3.825392533624536462e-01
4.032690626868001282e-01 3.737285475753274744e-01 3.835991234111654213e-01
4.042588733896331776e-01 3.747074923448919792e-01 3.846661810141610016e-01
4.052497957946822882e-01 3.756862145159491351e-01 3.857337837697227823e-01
4.062412787793952540e-01 3.766685905771450238e-01 3.868034277665847731e-01
4.072330475196819233e-01 3.776512788652173769e-01 3.878786454959768371e-01
4.082271131551288290e-01 3.786341465018502328e-01 3.889533042562027809e-01
4.092199225707692234e-01 3.796195542414726454e-01 3.900335778149152666e-01
4.102141304127128740e-01 3.806050392819280148e-01 3.911157261413507058e-01
4.112086096780386835e-01 3.815919850655554724e-01 3.921993985553801632e-01
4.122026135280101866e-01 3.825810201071786487e-01 3.932885832746746413e-01
4.131982622954361584e-01 3.835706228825835895e-01 3.943792584941474555e-01
4.141948394588435556e-01 3.845626532080815840e-01 3.954729874566587644e-01
4.151903980139047823e-01 3.855566633587534375e-01 3.965711001880874997e-01
4.161885386351605876e-01 3.865514566369852578e-01 3.976709612803258076e-01
4.171855963893816854e-01 3.875499647894672384e-01 3.987738941339452614e-01
4.181835570836274218e-01 3.885490857338805837e-01 3.998801537572337361e-01
4.191824699112908781e-01 3.895486974748755826e-01 4.009864623925681326e-01
4.201810463566789111e-01 3.905513765471698706e-01 4.020983420594508306e-01
4.211792772749961555e-01 3.915538788392169955e-01 4.032105754322498625e-01
4.221790886463619441e-01 3.925579333549285566e-01 4.043249927996263593e-01
4.231769726395615550e-01 3.935647586764166039e-01 4.054436270822633359e-01
4.241766400698968043e-01 3.945721443920486848e-01 4.065620172323774484e-01
4.251769615940474423e-01 3.955827381378530516e-01 4.076846785507635684e-01
4.261774131444978631e-01 3.965958258156014327e-01 4.088090765017447503e-01
4.271800449245991005e-01 3.976087508647361823e-01 4.099349223086547478e-01
4.281827904416663499e-01 3.986270958221916350e-01 4.110647216740539456e-01
4.291840122307624683e-01 3.996463198931350380e-01 4.121967334316505305e-01
4.301878651835341349e-01 4.006662197105136936e-01 4.133299897372206266e-01
4.311902182207851264e-01 4.016905071865048971e-01 4.144684951614013846e-01
4.321927103473184317e-01 4.027147161997869373e-01 4.156071474871730898e-01
4.331970336315397185e-01 4.037410262289214402e-01 4.167471284624760242e-01
4.342007378366824488e-01 4.047701524570714304e-01 4.178899022271528318e-01
4.352054610545502134e-01 4.057992635459764519e-01 4.190317968144286476e-01
4.362120522518753707e-01 4.068313183955278300e-01 4.201770998540676483e-01
4.372172525415361499e-01 4.078653502930182917e-01 4.213236763843913324e-01
4.382236249034061060e-01 4.088999451828941312e-01 4.224710160888850430e-01
4.392301737089500113e-01 4.099382244307961387e-01 4.236213332438711343e-01
4.402359258373741979e-01 4.109784756237690462e-01 4.247720179220345615e-01
4.412441718300609272e-01 4.120195325394577224e-01 4.259242645233650704e-01
4.422531330123017912e-01 4.130635909125539018e-01 4.270777506848056904e-01
4.432615373427633010e-01 4.141079937305058856e-01 4.282315966364401705e-01
4.442714989854116281e-01 4.151529296382535095e-01 4.293870860358765529e-01
4.452824908300598850e-01 4.162025842103127538e-01 4.305440933311903695e-01
4.462926214277298520e-01 4.172514360706340852e-01 4.317014709101464898e-01
4.473048185047641123e-01 4.183036827984546457e-01 4.328609551978431225e-01
4.483159165682005787e-01 4.193568110256806758e-01 4.340219735776281729e-01
4.493269688435046483e-01 4.204106723813000324e-01 4.351830271809009054e-01
4.503405659353753032e-01 4.214669867120529601e-01 4.363474218961089779e-01
4.513542577006482981e-01 4.225253510547508640e-01 4.375098395331661338e-01
4.523684022317691067e-01 4.235842657397230759e-01 4.386736347085121168e-01
4.533849415515381898e-01 4.246451818479643481e-01 4.398394925387861809e-01
4.544003659693044983e-01 4.257069767221199896e-01 4.410047385981821222e-01
4.554173200833293578e-01 4.267678862740091339e-01 4.421715670119633068e-01
4.564340052104345902e-01 4.278343832963417137e-01 4.433386923316911532e-01
4.574509962586992273e-01 4.289004486185883369e-01 4.445062417731815985e-01
4.584684494306939806e-01 4.299687130877700159e-01 4.456750560431466113e-01
4.594883764648126645e-01 4.310391960166946035e-01 4.468453047015364388e-01
4.605069528761786546e-01 4.321107352360259446e-01 4.480147137276394576e-01
4.615288167110125905e-01 4.331833670271912906e-01 4.491855524186742499e-01
4.625517728403852891e-01 4.342601118115468894e-01 4.503570663129181084e-01
4.635744433155902788e-01 4.353359573222460033e-01 4.515285644539064336e-01
4.645991933299044030e-01 4.364145607005545102e-01 4.527024273129089393e-01
4.656253531999757223e-01 4.374951177669978986e-01 4.538760959194843014e-01
4.666511078601906504e-01 4.385766171082913778e-01 4.550510163815740805e-01
4.676793132956270638e-01 4.396616323265736259e-01 4.562265626720241052e-01
4.687095660936904662e-01 4.407485799040132268e-01 4.574023695347347318e-01
4.697389158593628933e-01 4.418363007809483767e-01 4.585779831094294323e-01
4.707717581075494540e-01 4.429283803740280412e-01 4.597544062172033152e-01
4.718054609346926664e-01 4.440218032141323712e-01 4.609310284700522953e-01
4.728387409450845458e-01 4.451153493597225230e-01 4.621064005605551306e-01
4.738734677475872625e-01 4.462150702672531000e-01 4.632842667410648207e-01
4.749109401660111529e-01 4.473143574324009997e-01 4.644610723155370713e-01
4.759479888927167224e-01 4.484160260069063320e-01 4.656394038618070219e-01
4.769892037156099884e-01 4.495209730198257980e-01 4.668186705012731808e-01
4.780308101298610390e-01 4.506268999223065896e-01 4.679975647038594477e-01
4.790718481809177476e-01 4.517346356594879042e-01 4.691776846463330264e-01
4.801151190291825244e-01 4.528473312221758529e-01 4.703565568259756580e-01
4.811607018187769036e-01 4.539601036830914760e-01 4.715360165118022695e-01
4.822056346404703930e-01 4.550750111896298411e-01 4.727128673128553893e-01
4.832560885271143247e-01 4.561934294094180942e-01 4.738905839789872565e-01
4.843077046276771380e-01 4.573110171599437113e-01 4.750672672428665200e-01
4.853585090783437694e-01 4.584337133151796806e-01 4.762428719788187603e-01
4.864127415233545637e-01 4.595584326940693742e-01 4.774177269617746466e-01
4.874691076142882440e-01 4.606843863187250476e-01 4.785914486791347233e-01
4.885246373309255485e-01 4.618137417318100568e-01 4.797648217288367212e-01
4.895837227625967070e-01 4.629459147632056237e-01 4.809366288021076907e-01
4.906449255187027569e-01 4.640770493248571604e-01 4.821090992268092235e-01
4.917042248924891612e-01 4.652141676188601416e-01 4.832811115926473611e-01
4.927678120627781433e-01 4.663528759387623457e-01 4.844532756642467297e-01
4.938316139025878959e-01 4.674915933415232372e-01 4.856246623033733667e-01
4.948947365392047937e-01 4.686352214818025330e-01 4.867941211139704127e-01
4.959613334642080651e-01 4.697779226457196589e-01 4.879651741281342825e-01
4.970302273691707962e-01 4.709217680205023959e-01 4.891331581651241489e-01
4.980973395878826038e-01 4.720708647856051154e-01 4.903026516672924773e-01
4.991679190951270884e-01 4.732206390589245304e-01 4.914717029880598109e-01
5.002393710255040871e-01 4.743713405227004687e-01 4.926409631139705425e-01
5.013096614609071633e-01 4.755264775896698715e-01 4.938102185641878861e-01
5.023844094543654659e-01 4.766802569728298966e-01 4.949785090247847408e-01
5.034601940812124532e-01 4.778371227600033411e-01 4.961472055471435327e-01
5.045353625885389270e-01 4.789975462624635472e-01 4.973142683974673961e-01
5.056127402246481939e-01 4.801591465558735505e-01 4.984834137849394331e-01
5.066921405771334097e-01 4.813241907425635513e-01 4.996503596447619544e-01
5.077710267587869364e-01 4.824924524540895043e-01 5.008175916675816630e-01
5.088544882871399722e-01 4.836604286832575927e-01 5.019855490338951398e-01
5.099409018386132919e-01 4.848316068039634774e-01 5.031529112323295250e-01
5.110264340641708092e-01 4.860054806444367159e-01 5.043213184775636737e-01
5.121151044811869113e-01 4.871774333959035808e-01 5.054894306880954868e-01
5.132053900031494642e-01 4.883546972641552020e-01 5.066590677765752115e-01
5.142943384606095680e-01 4.895324861818303175e-01 5.078271608632543010e-01
5.153873225151628379e-01 4.907105567952325109e-01 5.089965380440560905e-01
5.164837951764101875e-01 4.918924971622806175e-01 5.101660343743601445e-01
5.175786381622375920e-01 4.930769948682469650e-01 5.113351223957354197e-01
5.186768517942073053e-01 4.942602734681236232e-01 5.125052207793981962e-01
5.197751232568110780e-01 4.954486960119694472e-01 5.136746037879467153e-01
5.208726070504166028e-01 4.966386801172207877e-01 5.148441917705712800e-01
5.219727110323543195e-01 4.978275768669760404e-01 5.160121218320949943e-01
5.230761741808678256e-01 4.990218513386174282e-01 5.171818441799098665e-01
5.241780168551301022e-01 5.002155408550793547e-01 5.183514869828821370e-01
5.252817453418011651e-01 5.014098223881233718e-01 5.195210131963218236e-01
5.263866811151605152e-01 5.026069796302070625e-01 5.206925885197175585e-01
5.274896483110600443e-01 5.038051513979912022e-01 5.218634356635256655e-01
5.285942959298922661e-01 5.050025030995314301e-01 5.230345387635980670e-01
5.297023306269812437e-01 5.062053246049791344e-01 5.242055526296955925e-01
5.308097077194668945e-01 5.074068785095231515e-01 5.253778823244515950e-01
5.319181432939819043e-01 5.086090600067696421e-01 5.265488275706089460e-01
5.330317922719363111e-01 5.098126022158316895e-01 5.277205746318954782e-01
5.341436623108163362e-01 5.110159834780556576e-01 5.288935385811279755e-01
5.352563695037942937e-01 5.122211244959181675e-01 5.300647957777342434e-01
5.363734523646905838e-01 5.134309642371709392e-01 5.312376741598185959e-01
5.374902194058273075e-01 5.146419149358578693e-01 5.324115985555095687e-01
5.386065811567529726e-01 5.158536609770150161e-01 5.335860165861039395e-01
5.397276290669877907e-01 5.170703654099455537e-01 5.347584378518071002e-01
5.408478418654378839e-01 5.182860628959731208e-01 5.359334003600135787e-01
5.419694849688777571e-01 5.195033437829010836e-01 5.371090925320454179e-01
5.430947738904053912e-01 5.207233863294258303e-01 5.382826821928459182e-01
5.442195032784375996e-01 5.219435229859272773e-01 5.394583656318884257e-01
5.453462284964193385e-01 5.231636394020686698e-01 5.406335425320933918e-01
5.464777388026370586e-01 5.243901201650532640e-01 5.418097979298752698e-01
5.476094952567182039e-01 5.256158154971206642e-01 5.429856933301993038e-01
5.487422446420237021e-01 5.268431094611270016e-01 5.441646376853285227e-01
5.498800928603148064e-01 5.280745400409889712e-01 5.453429671104634835e-01
5.510175364504700246e-01 5.293064246987497778e-01 5.465209758453105637e-01
5.521554227167765339e-01 5.305415971195368563e-01 5.477024274376862678e-01
5.532984380975627392e-01 5.317810451293896179e-01 5.488842674469076588e-01
5.544426112724775146e-01 5.330199949885519040e-01 5.500672446099919011e-01
5.555875464540336317e-01 5.342588104208312316e-01 5.512508881265915095e-01
5.567388795449510486e-01 5.355028807428807713e-01 5.524379989940308988e-01
5.578895697964821876e-01 5.367439246787050200e-01 5.536250516866975113e-01
5.590384469478796303e-01 5.379890767427394360e-01 5.548119436853057307e-01
5.601956341640329518e-01 5.392401093244806320e-01 5.560039731977470812e-01
5.613537294139903100e-01 5.404924599582373590e-01 5.571951411499946882e-01
5.625124273744677161e-01 5.417454171108205818e-01 5.583877259041427621e-01
5.636767860045491796e-01 5.430032130326892803e-01 5.595810879736119459e-01
5.648423882665601914e-01 5.442583716820571516e-01 5.607779472861342818e-01
5.660072549736552272e-01 5.455166727753570921e-01 5.619746564107255260e-01
5.671746587319683730e-01 5.467787068725862287e-01 5.631712569483794395e-01
5.683442464964172380e-01 5.480410970420308558e-01 5.643719251953779326e-01
5.695150803165984765e-01 5.493057721276070060e-01 5.655725811209970644e-01
5.706928268161891582e-01 5.505757388857587253e-01 5.667749605460817852e-01
5.718743562468183717e-01 5.518446050212136855e-01 5.679797478904162755e-01
5.730540741794242221e-01 5.531154333737737794e-01 5.691865475664061869e-01
5.742353969620914711e-01 5.543919633672643732e-01 5.703929326296551805e-01
5.754200003558662679e-01 5.556683986757904314e-01 5.715983882286338469e-01
5.766045193967825888e-01 5.569473583648936188e-01 5.728095512664234112e-01
5.777918947075650902e-01 5.582302769832199196e-01 5.740199899624948143e-01
5.789841852549041379e-01 5.595128225481581508e-01 5.752318894571153418e-01
5.801748933215842285e-01 5.607946547203837007e-01 5.764470396530557705e-01
5.813661826874499949e-01 5.620816998975585177e-01 5.776647721774575972e-01
5.825616746287608505e-01 5.633672866943922886e-01 5.788827923068252668e-01
5.837555993274634591e-01 5.646561016249574960e-01 5.801009101262384338e-01
5.849517646877424593e-01 5.659492292731627128e-01 5.813242301106434917e-01
5.861561372967785122e-01 5.672425604553775758e-01 5.825464546130720844e-01
5.873603116639591892e-01 5.685377788739304217e-01 5.837699877764543910e-01
5.885660121682090296e-01 5.698404822671839787e-01 5.849972296445437037e-01
5.897795473511157072e-01 5.711419895588945028e-01 5.862266142289201953e-01
5.909920870326366149e-01 5.724458307843317550e-01 5.874565704476002459e-01
5.922041969791541627e-01 5.737574494521600066e-01 5.886857858224434636e-01
5.934246064373219776e-01 5.750680408838628743e-01 5.899214896669902064e-01
5.946456501737895639e-01 5.763806988748320093e-01 5.911563652630451582e-01
5.958670317178774711e-01 5.776991569170552010e-01 5.923913095540165319e-01
5.970968366758816481e-01 5.790188915253675628e-01 5.936304691871812089e-01
5.983261335265919190e-01 5.803382131504047914e-01 5.948715242916501333e-01
5.995547231731217508e-01 5.816638808420272477e-01 5.961136507095120551e-01
6.007889423478437463e-01 5.829885992064145483e-01 5.973544021309920016e-01
6.020257377665511056e-01 5.843162323269696090e-01 5.986011569885903993e-01
6.032625207250890131e-01 5.856477721552095783e-01 5.998472663154582607e-01
6.045066732486580330e-01 5.869794775489911576e-01 6.010924816967203599e-01
6.057538423792740989e-01 5.883115158606141426e-01 6.023422889289081761e-01
6.069999877041271086e-01 5.896480070612000191e-01 6.035929428846443789e-01
6.082501391719147277e-01 5.909826140219875956e-01 6.048453585392411513e-01
6.095052335425324985e-01 5.923195677565015194e-01 6.060967183250646206e-01
6.107589720116921583e-01 5.936633561693507311e-01 6.073551868725095559e-01
6.120179189372620954e-01 5.950075430344670124e-01 6.086142168871702118e-01
6.132860284065362322e-01 5.963536816072336766e-01 6.098727857358055005e-01
6.145519421316681941e-01 5.977077661417639076e-01 6.111369526558236842e-01
6.158201664779706652e-01 5.990642427932755254e-01 6.124043989568747071e-01
6.170959282957956260e-01 6.004208632003013024e-01 6.136732280996729516e-01
6.183706096086255544e-01 6.017827406459468342e-01 6.149414006696057866e-01
6.196465525291605658e-01 6.031435213221308933e-01 6.162179390435461590e-01
6.209328558071491866e-01 6.045059716881294731e-01 6.174968356168628603e-01
6.222190296219103356e-01 6.058752710537541608e-01 6.187750005186319902e-01
6.235070906280740788e-01 6.072460286203344992e-01 6.200583909264267835e-01
6.248037689990673105e-01 6.086166841859863563e-01 6.213474426831256947e-01
6.260983366891091917e-01 6.099921857792811597e-01 6.226363778074590627e-01
6.273947579817055198e-01 6.113659140654579272e-01 6.239258232136402071e-01
6.287010343467044349e-01 6.127409136498027653e-01 6.252202172171693606e-01
6.300096094226392829e-01 6.141257997700639848e-01 6.265193814373495318e-01
6.313187468814311920e-01 6.155120441012846833e-01 6.278176921987427272e-01
6.326398896499377811e-01 6.168978795526799397e-01 6.291195690421241826e-01
6.339625272401253619e-01 6.182931254064086835e-01 6.304290816739840375e-01
6.352831779455897498e-01 6.196894097493120812e-01 6.317384331645737872e-01
6.366128650141070766e-01 6.210827847737087071e-01 6.330489265850738345e-01
6.379449496826391508e-01 6.224855188796935002e-01 6.343635695157560095e-01
6.392770999707786395e-01 6.238890158394790886e-01 6.356835422910300792e-01
6.406155549677594596e-01 6.252950310508768039e-01 6.370035240625467887e-01
6.419574508018415226e-01 6.267083436177632860e-01 6.383240691973933734e-01
6.432991820443539899e-01 6.281243537767065011e-01 6.396549482615065951e-01
6.446506438558847751e-01 6.295374506078424970e-01 6.409843259038700003e-01
6.460068707039874347e-01 6.309552418183541622e-01 6.423155967504462494e-01
6.473615976399926808e-01 6.323742053063016177e-01 6.436502278482011397e-01
6.487247924180581382e-01 6.337934108977671954e-01 6.449911489863104919e-01
6.500947097022511389e-01 6.352206648551608215e-01 6.463324352913800697e-01
6.514645956551620154e-01 6.366520441133373120e-01 6.476736186661068428e-01
6.528411876956926596e-01 6.380832919126995240e-01 6.490271928054373030e-01
6.542266342852967043e-01 6.395213140848297062e-01 6.503800133875772271e-01
6.556101046757147888e-01 6.409642229508457634e-01 6.517331780262389795e-01
6.569982889864325326e-01 6.424044911158885984e-01 6.530896937093934040e-01
6.583929378428531320e-01 6.438512540738422496e-01 6.544526854358604373e-01
6.597856519617556481e-01 6.453028023770349675e-01 6.558173426759152935e-01
6.611845886117526661e-01 6.467570409691297817e-01 6.571804371307956583e-01
6.625963894212165695e-01 6.482149908080037104e-01 6.585553641592496454e-01
6.640080302229552922e-01 6.496785747481768070e-01 6.599347027348133610e-01
6.654258983770022784e-01 6.511390396191594210e-01 6.613138202926182041e-01
6.668565983428333954e-01 6.526039458293967366e-01 6.626968905771996043e-01
6.682855220954748710e-01 6.540746884678133588e-01 6.640905418152696083e-01
6.697189288386835582e-01 6.555454683313985953e-01 6.654863641165832400e-01
6.711654065309149431e-01 6.570216513546024428e-01 6.668827622909148101e-01
6.726114877028175343e-01 6.585073079055558942e-01 6.682876904816963393e-01
6.740614094867337647e-01 6.599929938643879224e-01 6.696982483980720158e-01
6.755237332272528983e-01 6.614816738852592470e-01 6.711080639425647254e-01
6.769845957903674050e-01 6.629788256368007726e-01 6.725222383658118197e-01
6.784475145972406196e-01 6.644745831800477065e-01 6.739471307215417761e-01
6.799209907317159685e-01 6.659731593135420624e-01 6.753747335718240929e-01
6.813906354086921580e-01 6.674793892860798605e-01 6.768042409466795695e-01
6.828632560589336098e-01 6.689881499045597923e-01 6.782414742520223028e-01
6.843518722487814676e-01 6.704981796240357950e-01 6.796871282857691599e-01
6.858413609226354790e-01 6.720160799370217264e-01 6.811333383226235716e-01
6.873341011644508169e-01 6.735346729829783108e-01 6.825810856362201084e-01
6.888423104767499305e-01 6.750556552984575687e-01 6.840459716489287745e-01
6.903496985025492361e-01 6.765845650656618915e-01 6.855128730252130209e-01
6.918583496087430396e-01 6.781180149020047399e-01 6.869818341344579027e-01
6.933791218241194265e-01 6.796541021201030208e-01 6.884583458574556891e-01
6.949006359162751556e-01 6.812051028220853510e-01 6.899465475566141093e-01
6.964247659514123390e-01 6.827576063539986251e-01 6.914363712143637430e-01
6.979636535632041117e-01 6.843097733749889944e-01 6.929256955635928472e-01
6.995021642774890136e-01 6.858729615708817340e-01 6.944287769952031120e-01
7.010422115409076227e-01 6.874386372804350831e-01 6.959371714145909937e-01
7.025968325635907341e-01 6.890064088831143740e-01 6.974466645666790310e-01
7.041517666553445132e-01 6.905811831218064967e-01 6.989632843095316961e-01
7.057105691227241184e-01 6.921612583456745460e-01 7.004922142575022992e-01
7.072805522983935944e-01 6.937440905626707233e-01 7.020229821250225655e-01
7.088521982096021024e-01 6.953352197877868957e-01 7.035555236615297359e-01
7.104291049323199214e-01 6.969308607436133229e-01 7.051004294700569108e-01
7.120191411138245829e-01 6.985272691647824717e-01 7.066531177746201431e-01
7.136097913188028663e-01 7.001294237525682584e-01 7.082068668948332535e-01
7.152014065778383722e-01 7.017376270740547373e-01 7.097670028300129275e-01
7.168106669172717993e-01 7.033453818002364244e-01 7.113448500569974353e-01
7.184203678473611854e-01 7.049594018259381922e-01 7.129236518200087191e-01
7.200381830586495280e-01 7.065817638759315233e-01 7.145049615156068290e-01
7.216718881001038532e-01 7.082041469957326418e-01 7.161013088885043176e-01
7.233058153811089408e-01 7.098326934988085091e-01 7.177025525106441872e-01
7.249462159972400732e-01 7.114690674031259876e-01 7.193061705507088899e-01
7.265986511567286144e-01 7.131081307396878177e-01 7.209162925478574957e-01
7.282494798390504176e-01 7.147499848199472261e-01 7.225414282546298583e-01
7.299069992999689394e-01 7.164042339231529999e-01 7.241702842705921572e-01
7.315851855000957693e-01 7.180566718046862418e-01 7.258003283540950257e-01
7.332642341513926354e-01 7.197155159711010608e-01 7.274476260070887879e-01
7.349522766887155445e-01 7.213876533244976130e-01 7.291040317359999134e-01
7.366559756113753021e-01 7.230619753974780739e-01 7.307622933593809211e-01
7.383557185421718572e-01 7.247387378152402304e-01 7.324305488105458117e-01
7.400623965106540858e-01 7.264296861307122377e-01 7.341179281850473970e-01
7.417815739119848484e-01 7.281208300450666693e-01 7.358089967931539244e-01
7.435002415422531374e-01 7.298156164705003057e-01 7.375039108750679473e-01
7.452309452415268876e-01 7.315269961282303557e-01 7.392196795983730917e-01
7.469814320475597347e-01 7.332433596520487873e-01 7.409441202546117600e-01
7.487312148270619527e-01 7.349627679092185506e-01 7.426709885822773138e-01
7.504913670265296322e-01 7.366935373372814899e-01 7.444092535066340055e-01
7.522640905234511122e-01 7.384273327841357482e-01 7.461644880558644388e-01
7.540354967540376929e-01 7.401645369138101227e-01 7.479219262700428361e-01
7.558217540477478735e-01 7.419132736283010621e-01 7.496859985904249513e-01
7.576195908476478502e-01 7.436616650284691987e-01 7.514760484036671073e-01
7.594197869999381734e-01 7.454157973661489356e-01 7.532691303967234964e-01
7.612388559358397311e-01 7.471856054790305679e-01 7.550669526874508319e-01
7.630684666036749997e-01 7.489649010197675372e-01 7.568816578619214086e-01
7.649010541511469530e-01 7.507465656224294737e-01 7.587072534268475277e-01
7.667477454203818210e-01 7.525429228576547835e-01 7.605362650032329030e-01
7.686003278051214416e-01 7.543471616974807281e-01 7.623753300412763334e-01
7.704536205155365636e-01 7.561529775882557258e-01 7.642349355767510399e-01
7.723285814343064937e-01 7.579754441998326486e-01 7.660988033391156193e-01
7.742091857397511712e-01 7.598105650493294227e-01 7.679635864692122560e-01
7.760939901395110807e-01 7.616526810470835018e-01 7.698555232998156583e-01
7.780050295434542962e-01 7.635089143978308623e-01 7.717557773617516048e-01
7.799161888063710357e-01 7.653747857916981534e-01 7.736578134926199724e-01
7.818319572349197166e-01 7.672416989133378218e-01 7.755787375227534142e-01
7.837682180988347902e-01 7.691212754396898887e-01 7.775144821282101715e-01
7.857073153655989017e-01 7.710092497688250113e-01 7.794575166065170757e-01
7.876545604180622551e-01 7.729058609520951251e-01 7.814143998500202581e-01
7.896181902331332880e-01 7.748196806909849466e-01 7.833949264820690983e-01
7.915852944204098129e-01 7.767504030590861586e-01 7.853781079875744586e-01
7.935651279829077920e-01 7.786887396274191353e-01 7.873665721608428258e-01
7.955654455266384373e-01 7.806375374923993915e-01 7.893854121490767595e-01
7.975643579801752203e-01 7.826007614756995689e-01 7.914101326982755369e-01
7.995856628232484997e-01 7.845624495657108621e-01 7.934430667647345281e-01
8.016182311975426078e-01 7.865332790729807622e-01 7.954983960126958964e-01
8.036566775079674319e-01 7.885160505612229809e-01 7.975677941012704331e-01
8.057219945662321692e-01 7.905058536120438406e-01 7.996451557203818616e-01
8.077979110263061591e-01 7.925057625012345008e-01 8.017427145567462832e-01
8.098778064931879683e-01 7.945251926070051596e-01 8.038622336395603307e-01
8.119896297061693913e-01 7.965510869974139485e-01 8.059864807257697272e-01
8.141042497953313584e-01 7.985870145001617848e-01 8.081253528410773379e-01
8.162251181107058606e-01 8.006464443521779106e-01 8.102984516243879609e-01
8.183760342112396113e-01 8.027076410266800188e-01 8.124752141210069833e-01
8.205303022367835819e-01 8.047784129758857041e-01 8.146598982718640247e-01
8.226967957430207923e-01 8.068705868946419724e-01 8.168919224273440971e-01
8.248859320278444374e-01 8.089745696421148935e-01 8.191269543862332858e-01
8.270771501687274041e-01 8.110918142501207795e-01 8.213624614782049083e-01
8.292929733598075615e-01 8.132456123820392957e-01 8.236534988014276859e-01
8.315234673011500099e-01 8.154074828850519374e-01 8.259446371231318196e-01
8.337575735686144629e-01 8.175818665841179111e-01 8.282362848011313172e-01
8.360296275318904735e-01 8.197951390741006206e-01 8.305695600760695241e-01
8.383123282968258927e-01 8.220181178882527417e-01 8.329054630610817078e-01
8.406073259422173205e-01 8.242545730584512897e-01 8.352466735421333333e-01
8.429580298704753005e-01 8.265155399325251340e-01 8.376180850734484817e-01
8.453134382689682091e-01 8.287930125329907582e-01 8.399944122522096102e-01
8.476931652898659353e-01 8.310845990131410232e-01 8.423792155583608166e-01
8.501055662454400919e-01 8.334143028187889213e-01 8.447948931369697601e-01
8.525175097515593770e-01 8.357561067246228603e-01 8.472174500971852984e-01
8.549523070201462405e-01 8.381175895716231894e-01 8.496516035864216665e-01
8.574054212661863517e-01 8.405068674794595740e-01 8.521192322893035298e-01
8.598555536690996037e-01 8.429081633686116293e-01 8.546058662023771069e-01
8.623376723062388116e-01 8.453171727449346751e-01 8.571005796737574123e-01
8.648213521736659581e-01 8.477533688167746551e-01 8.596349177801958508e-01
8.673173951736307119e-01 8.501970557692067887e-01 8.621816041026230115e-01
8.698370897887041098e-01 8.526619696965392903e-01 8.647411799462793036e-01
8.723615031564354583e-01 8.551674738061322278e-01 8.673422782400049824e-01
8.749214812808334685e-01 8.576857177206607119e-01 8.699664098562288617e-01
8.774996499544100992e-01 8.602469653475285360e-01 8.726044395479624072e-01
8.800888204067852660e-01 8.628537874155214338e-01 8.752855097181940769e-01
8.827201077450462785e-01 8.654734756716372379e-01 8.779787576577346986e-01
8.853568663069327771e-01 8.681398701612158542e-01 8.806834842873348945e-01
8.880264958402569464e-01 8.708802119961099875e-01 8.834287388967969612e-01
8.907310031369126690e-01 8.737347301836104752e-01 8.861940449887163451e-01
8.934501617607862878e-01 8.765822943644255849e-01 8.889790367502914403e-01
8.962231101857106585e-01 8.794371211017252277e-01 8.918148883954222228e-01
8.990121082584916490e-01 8.823108957535209518e-01 8.946702367955917667e-01
9.018264245070698459e-01 8.852081730050026520e-01 8.975536433548407800e-01
9.046826361726026944e-01 8.881044411561538343e-01 9.005046684285256120e-01
9.075503498673336278e-01 8.910232544447517222e-01 9.034803525415940895e-01
9.104732416720683341e-01 8.940178326216887683e-01 9.065069310795829116e-01
9.134177735254204178e-01 8.970684418448612307e-01 9.095803237155084542e-01
9.163952052057302566e-01 9.001820491929702905e-01 9.126553111317717848e-01
9.194317666565018365e-01 9.033812982551318038e-01 9.157653946262892530e-01
9.224750446912685087e-01 9.076630316257193742e-01 9.189080658368250498e-01
9.255969906820914472e-01 9.110006366406551148e-01 9.220733117904839071e-01
9.287379861269172698e-01 9.143405616168875927e-01 9.253132284657968887e-01
9.319336063318282015e-01 9.177408978292971309e-01 9.285845813056288200e-01
9.351954809160054616e-01 9.212568766061063341e-01 9.318931353803217021e-01
9.385017764603194035e-01 9.248011671179996451e-01 9.352736176089403441e-01
9.419256658417144434e-01 9.283511005163289642e-01 9.386971737417054706e-01
9.453914663374564098e-01 9.320167201642572952e-01 9.422225205253504932e-01
9.489473291331387284e-01 9.357342402193082886e-01 9.458462747819278427e-01
9.525455237466969871e-01 9.396172077413139645e-01 9.495787789709360105e-01
9.562153209311823332e-01 9.437129700363984242e-01 9.546678851784449193e-01
9.599951616187242243e-01 9.496833454863746748e-01 9.594899760779309617e-01
9.639116527664524092e-01 9.541495478830767096e-01 9.638400432460004774e-01
9.680064123169203061e-01 9.585628337536784560e-01 9.680603946504156010e-01
9.720794742752175699e-01 9.631495702800845216e-01 9.722632629546862360e-01
9.762957849795973475e-01 9.681342582318269718e-01 9.765534642174442670e-01
9.805863680161740481e-01 9.767986918469897528e-01 9.809231476081713419e-01
9.851121367370072601e-01 9.826824194747751928e-01 9.854577959145639499e-01
9.897782276753120945e-01 9.884171367893210824e-01 9.900634824865991446e-01
9.947824917127950917e-01 9.941725755178689727e-01 9.949362052415474666e-01
1.000000000000000000e+00 1.000000000000000000e+00 1.000000000000000000e+00
