0.000000000000000000e+00
4.242941769629510369e-03
7.199806280724167437e-03
9.734071425780055700e-03
1.197349025367708264e-02
1.397348149567490504e-02
1.581054152148937686e-02
1.755539758213899709e-02
1.922767165520287286e-02
2.083714270217320100e-02
2.240987202917641904e-02
2.393912795050109552e-02
2.544513238892353452e-02
2.692958441987235510e-02
2.838780796306480600e-02
2.983671901900603746e-02
3.126701863410569215e-02
3.268581370961690796e-02
3.409604541746651812e-02
3.549731514453775133e-02
3.689894704869933761e-02
3.829526200434029554e-02
3.969454720711927675e-02
4.111204661466834331e-02
4.254361623800656522e-02
4.398577636585541961e-02
4.541992134132556702e-02
4.684124500648860490e-02
4.826215615743172788e-02
4.967827842862170690e-02
5.109714358940559836e-02
5.251773944740106143e-02
5.394099690636616068e-02
5.537016431607009320e-02
5.680106756433700443e-02
5.823596810493261722e-02
5.967603718034357463e-02
6.111839507495094026e-02
6.256773765007032917e-02
6.402030939423401790e-02
6.547764012139371814e-02
6.694004236469133784e-02
6.840846494518434961e-02
6.988471659308861939e-02
7.136769112595399422e-02
7.285785664401768502e-02
7.435770197392063685e-02
7.586578070773253302e-02
7.738326905271628031e-02
7.891046373945552472e-02
8.044706126585886297e-02
8.199436269347511186e-02
8.355234907993255855e-02
8.512193239615992169e-02
8.670262560385250117e-02
8.829438147500874579e-02
8.989557740385743789e-02
9.150881751577966128e-02
9.313230395860631894e-02
9.476850582096663089e-02
9.641723366239993154e-02
9.807849825785401598e-02
9.975462629596175412e-02
1.014435169980610896e-01
1.031459857947902153e-01
1.048647124205197012e-01
1.065986558505138959e-01
1.083482595334984561e-01
1.101148130527088709e-01
1.118982682998785755e-01
1.137004644689007249e-01
1.155204393376746269e-01
1.173591580200555873e-01
1.192168080563514587e-01
1.210907411938805800e-01
1.229812493272135349e-01
1.248826304275778148e-01
1.267942626451520338e-01
1.287172724550126879e-01
1.306478850826094107e-01
1.325853613436945022e-01
1.345286657347054826e-01
1.364801406244016690e-01
1.384421220292819110e-01
1.404147617458562092e-01
1.424013519158964514e-01
1.444016920579983543e-01
1.464166237804454263e-01
1.484468314384904397e-01
1.504915871252578141e-01
1.525549954623234561e-01
1.546338735831989109e-01
1.567307754790162322e-01
1.588471620476653301e-01
1.609794396371206915e-01
1.631288643156590945e-01
1.652948041270412005e-01
1.674768277036386699e-01
1.696759834071986661e-01
1.718903720857239137e-01
1.741227455471989760e-01
1.763730855529183073e-01
1.786396965137132531e-01
1.809243369160968562e-01
1.832254005327139668e-01
1.855422696586621345e-01
1.878757762923105312e-01
1.902233350305281845e-01
1.925866696016329260e-01
1.949619186049132424e-01
1.973513851362811156e-01
1.997578022835191369e-01
2.021778212209729142e-01
2.046115993183736104e-01
2.070599164065352327e-01
2.095228560485300484e-01
2.120017028355374311e-01
2.144952683764074219e-01
2.170067030935829144e-01
2.195380649523576977e-01
2.220877075530744149e-01
2.246558634793279774e-01
2.272418036315504153e-01
2.298489585338290564e-01
2.324750309987360930e-01
2.351210929838362385e-01
2.377903804625534911e-01
2.404843971543318693e-01
2.432047259072860901e-01
2.459518428392864220e-01
2.487318008899407629e-01
2.515607129256101637e-01
2.544409464307386126e-01
2.573691096477295215e-01
2.603537916676221253e-01
2.634033909293609921e-01
2.665176617868978415e-01
2.696625776479243397e-01
2.727979504649312159e-01
2.759087981484474317e-01
2.790015141821068911e-01
2.820879719839557986e-01
2.851619281648506421e-01
2.882380221743663928e-01
2.913261887289301244e-01
2.944278305236254223e-01
2.975490198969962252e-01
3.006917637722266168e-01
3.038560024694043626e-01
3.070452013029574823e-01
3.102581235511401858e-01
3.135025190110434234e-01
3.167762728190587351e-01
3.200761245309414194e-01
3.234100483400836890e-01
3.267728586495285970e-01
3.301699073576737087e-01
3.336008521510496760e-01
3.370669040685495554e-01
3.405776729033432315e-01
3.441348218534550085e-01
3.477454224622019141e-01
3.514028365395382436e-01
3.551016049645558392e-01
3.588485758258891378e-01
3.626385634438849537e-01
3.664737420065486417e-01
3.703588690456470767e-01
3.742838019203095778e-01
3.782531560282214045e-01
3.822598832907975752e-01
3.862984460304113021e-01
3.903715740774503784e-01
3.944675892101368042e-01
3.985941550353669927e-01
4.027565794784419562e-01
4.069564386944461987e-01
4.112063005746620092e-01
4.154930234175071013e-01
4.198245965984616079e-01
4.242023777373158944e-01
4.286171007355305540e-01
4.330820160260289708e-01
4.375827707626106511e-01
4.421274380265597381e-01
4.467204188988384006e-01
4.513523852385092905e-01
4.560420807107645191e-01
4.607749333527352276e-01
4.655514238189285003e-01
4.703804910375054549e-01
4.752493130002184984e-01
4.801761433702104176e-01
4.851480747427892037e-01
4.901694024528934213e-01
4.952563988682053830e-01
5.003865409418013499e-01
5.055806598827851106e-01
5.108211876346251401e-01
5.161035988849519418e-01
5.214546072338736016e-01
5.268512909890565865e-01
5.323122525790263682e-01
5.378392134444844874e-01
5.434189221593449526e-01
5.490870911497763851e-01
5.548113828559841920e-01
5.606094173622740984e-01
5.664799347853923805e-01
5.724087613361863447e-01
5.784315584103387753e-01
5.845176537425044172e-01
5.906831168521660125e-01
5.969440117619942976e-01
6.032732376790848061e-01
6.097085495855122383e-01
6.162211092199295637e-01
6.228169879402211118e-01
6.295331222436887364e-01
6.363268074468759750e-01
6.432337614396809178e-01
6.502308645193924930e-01
6.573235482439190314e-01
6.645545593894623959e-01
6.718820358946296922e-01
6.793738985768493777e-01
6.869912310222693330e-01
6.947248421556837528e-01
7.026382766006026293e-01
7.106697327023110411e-01
7.188578786752767291e-01
7.272196450100679721e-01
7.357198198960067659e-01
7.444304449852204852e-01
7.532879473475874166e-01
7.622945215912139139e-01
7.714795331897147390e-01
7.807665929764895374e-01
7.902497434182625957e-01
7.998673799464910417e-01
8.096469305529394589e-01
8.196646699074263687e-01
8.298856829334511076e-01
8.403499128007740904e-01
8.510475894614362158e-01
8.619748444938807319e-01
8.732121791161642221e-01
8.847114461834669763e-01
8.966304169841526894e-01
9.089603836940153281e-01
9.217561945025739556e-01
9.351922008364602634e-01
9.494433787245178946e-01
9.649201329731688093e-01
9.816692940219892138e-01
1.000000000000000000e+00
