0.000000000000000000e+00
1.810206888703577060e-03
3.354692330923494167e-03
4.733351528202439477e-03
5.988662613843676041e-03
7.148954032644144231e-03
8.234263812592351392e-03
9.258396334107101694e-03
1.023485795030791394e-02
1.116919766064923721e-02
1.206649940747651223e-02
1.292887961878702932e-02
1.375805625841589747e-02
1.456122415313264654e-02
1.534227287316477367e-02
1.610362125003875211e-02
1.684646146989163609e-02
1.757384185056417442e-02
1.828734988332456762e-02
1.898772541201811451e-02
1.967645411939860159e-02
2.035223961796186337e-02
2.101663496315142252e-02
2.167147609415761775e-02
2.231701181757264965e-02
2.295419083800312801e-02
2.358397888748792540e-02
2.420632917256780939e-02
2.482157811588413948e-02
2.543025653187552804e-02
2.603340989130751085e-02
2.663014512175257073e-02
2.721994129780578447e-02
2.780437471522910486e-02
2.838361533714874735e-02
2.895886383155607188e-02
2.952960082340457329e-02
3.009603757625260376e-02
3.065911945373473585e-02
3.121899381800326279e-02
3.177498586923570983e-02
3.232613999720185954e-02
3.287220942958551939e-02
3.341508865082114255e-02
3.395455499436262486e-02
3.449151004982287105e-02
3.502575509674665105e-02
3.555720402128730029e-02
3.608551593587228101e-02
3.661076418418865441e-02
3.713276095017694484e-02
3.765125570700049440e-02
3.816679957513811894e-02
3.867805407225137493e-02
3.918616991795156879e-02
3.969192450844479664e-02
4.019539878731302751e-02
4.069606509562969515e-02
4.119471451900174469e-02
4.169143321279902142e-02
4.218639742461664094e-02
4.267971195371082771e-02
4.317066060921449788e-02
4.365889989306231261e-02
4.414564125417567986e-02
4.463097019625455325e-02
4.511458740820160213e-02
4.559712833887057115e-02
4.607847527129965010e-02
4.655899397285488683e-02
4.703825317488771057e-02
4.751653107138689713e-02
4.799364586927999665e-02
4.846952909822906108e-02
4.894521564288355914e-02
4.942014834443943933e-02
4.989468288378021837e-02
5.036879232832065789e-02
5.084260182235342262e-02
5.131618991251646333e-02
5.178830959882375212e-02
5.225838614580554514e-02
5.272662762700970618e-02
5.319363917291446836e-02
5.365888737550550402e-02
5.412301884604360513e-02
5.458680542349954312e-02
5.504917208401182566e-02
5.551070661694361419e-02
5.597117160019093873e-02
5.643053686556643439e-02
5.688897829794140742e-02
5.734630908453005466e-02
5.780277197107615283e-02
5.825840817410619932e-02
5.871338250728912883e-02
5.916773331430031507e-02
5.962163497082594715e-02
6.007456675864434464e-02
6.052743379990034589e-02
6.097969779703279330e-02
6.143124368517706435e-02
6.188239901463675474e-02
6.233228017767940277e-02
6.278177642397807234e-02
6.323147916944461822e-02
6.368100840299552312e-02
6.413002517380450573e-02
6.457915309002543180e-02
6.502865278829271511e-02
6.547836029269031577e-02
6.592818445108972192e-02
6.637781264842707030e-02
6.682685645290847853e-02
6.727512077873983032e-02
6.772278550736583747e-02
6.817004453253908136e-02
6.861703250669039245e-02
6.906392285772079698e-02
6.951084886929582984e-02
6.995777676553861790e-02
7.040441897752897082e-02
7.085032716525724306e-02
7.129474403414137740e-02
7.173700850011985319e-02
7.217759007762541978e-02
7.261656726622660318e-02
7.305433275515516023e-02
7.349115702837982766e-02
7.392728198223466607e-02
7.436303364343313516e-02
7.479836437895884260e-02
7.523320736612072734e-02
7.566791816214275823e-02
7.610279993410801191e-02
7.653740856928878400e-02
7.697187441214875525e-02
7.740602186898240533e-02
7.784044977822122957e-02
7.827526706618119501e-02
7.871056597875057681e-02
7.914635539400158293e-02
7.958255073623678177e-02
8.001896212385908869e-02
8.045570634327324500e-02
8.089273007899716594e-02
8.133021746071905644e-02
8.176778030414706688e-02
8.220523172859593719e-02
8.264291381303713602e-02
8.308094715043912171e-02
8.351893437264044928e-02
8.395706071557601513e-02
8.439496625251577400e-02
8.483260317547924867e-02
8.526990703455381015e-02
8.570719726965853047e-02
8.614417904374870039e-02
8.658147051187575771e-02
8.701830419075684553e-02
8.745494427240659008e-02
8.789114770371472818e-02
8.832700899951238804e-02
8.876284793241966120e-02
8.919855214946190158e-02
8.963421182016718947e-02
9.007010310419648336e-02
9.050613453861200419e-02
9.094257322392776399e-02
9.137990135750695408e-02
9.181791034458475220e-02
9.225640125361764254e-02
9.269484409211946330e-02
9.313332077243445528e-02
9.357159076394593045e-02
9.401008364026194886e-02
9.444940621884574672e-02
9.488950657435256397e-02
9.533004260587024659e-02
9.577116636949895012e-02
9.621261222339530517e-02
9.665406508342723468e-02
9.709549778361523109e-02
9.753650105161995598e-02
9.797692905381732986e-02
9.841755832675412596e-02
9.885846730488014045e-02
9.929970736375148821e-02
9.974097169666627793e-02
1.001823168697062172e-01
1.006241416120440824e-01
1.010663781693485475e-01
1.015087818597386060e-01
1.019517729399792016e-01
1.023951999290436954e-01
1.028395542895604725e-01
1.032850711551236145e-01
1.037312122755144894e-01
1.041783720147477221e-01
1.046266678923948035e-01
1.050759504593078569e-01
1.055262283495033704e-01
1.059775514352831738e-01
1.064298581453851089e-01
1.068836036497934905e-01
1.073385744579783280e-01
1.077954442326912732e-01
1.082540810815384863e-01
1.087143346835336699e-01
1.091762661540896934e-01
1.096389028345620825e-01
1.101017451082014625e-01
1.105643897653685731e-01
1.110267881894013153e-01
1.114886436756871990e-01
1.119506290699390783e-01
1.124131880861469479e-01
1.128764534557358257e-01
1.133403121534099778e-01
1.138049855161698404e-01
1.142701386977042488e-01
1.147349028742805227e-01
1.151987254523495763e-01
1.156612718415910707e-01
1.161229430515328537e-01
1.165842079175134632e-01
1.170454141698258899e-01
1.175065383769569038e-01
1.179676967007697863e-01
1.184293160251301824e-01
1.188911582506455844e-01
1.193533789497598779e-01
1.198156545638349446e-01
1.202780807445786304e-01
1.207405887149807788e-01
1.212029885093774684e-01
1.216654376416027999e-01
1.221282155336628761e-01
1.225912047367172658e-01
1.230545656501408069e-01
1.235181099131403559e-01
1.239819888674058013e-01
1.244462163083089185e-01
1.249110796315569677e-01
1.253764041286727915e-01
1.258424890346181713e-01
1.263096137329392521e-01
1.267781873638260670e-01
1.272482840837342866e-01
1.277197226070863612e-01
1.281919492855590204e-01
1.286647133243188357e-01
1.291376188226355803e-01
1.296104214927091824e-01
1.300832188127647449e-01
1.305561867228700879e-01
1.310289044837595895e-01
1.315017474162579469e-01
1.319746634511613503e-01
1.324474836164989400e-01
1.329200336329827425e-01
1.333922497230503601e-01
1.338642967978024567e-01
1.343361917468204048e-01
1.348079301335956826e-01
1.352798507884057644e-01
1.357523857842897752e-01
1.362257752759902518e-01
1.366996996037486423e-01
1.371742861414937675e-01
1.376492331156941029e-01
1.381246579519217754e-01
1.386005694732807547e-01
1.390773794020825072e-01
1.395550333898014084e-01
1.400336569950425825e-01
1.405134286153958412e-01
1.409944867145192238e-01
1.414765187682626990e-01
1.419595244573658710e-01
1.424436029666318881e-01
1.429286925538217901e-01
1.434149768637253686e-01
1.439027081603967140e-01
1.443921487871498432e-01
1.448836139332499995e-01
1.453774007073637964e-01
1.458733468692279267e-01
1.463701182010890001e-01
1.468668522364691420e-01
1.473627484390513942e-01
1.478571392551281949e-01
1.483501126739109610e-01
1.488419375112963738e-01
1.493334542427897094e-01
1.498243122651400361e-01
1.503153103555873726e-01
1.508067241892310784e-01
1.512984451203741587e-01
1.517903606923708681e-01
1.522823612897353796e-01
1.527739254371985600e-01
1.532650694099025324e-01
1.537559293101874724e-01
1.542468841088158737e-01
1.547381195839856449e-01
1.552297572693484562e-01
1.557219537909514673e-01
1.562147422961411847e-01
1.567083183662732193e-01
1.572026865395680373e-01
1.576976440085836317e-01
1.581932695233838615e-01
1.586896935774138873e-01
1.591870427976703750e-01
1.596856733889432667e-01
1.601857782391236107e-01
1.606873458518138509e-01
1.611902962145242424e-01
1.616944386557737368e-01
1.621992992263545930e-01
1.627046036586699274e-01
1.632103067236518046e-01
1.637163938170261013e-01
1.642230363863899367e-01
1.647302108520649344e-01
1.652378381841426713e-01
1.657463888464419666e-01
1.662553990178144425e-01
1.667647462094686284e-01
1.672745689840220429e-01
1.677843506365993276e-01
1.682941824021214616e-01
1.688041783722787348e-01
1.693146051955842779e-01
1.698255901264902612e-01
1.703372654847594148e-01
1.708496944389288064e-01
1.713630042038786772e-01
1.718774092000960041e-01
1.723926226787520777e-01
1.729086070546160814e-01
1.734255258861379101e-01
1.739434408560351086e-01
1.744622441857724970e-01
1.749818898407181911e-01
1.755025469595201393e-01
1.760250421563445689e-01
1.765493143194533099e-01
1.770751617591090898e-01
1.776030300804491702e-01
1.781324247178946163e-01
1.786624264803195472e-01
1.791926423203659968e-01
1.797231746039278100e-01
1.802535915669918609e-01
1.807836731555730048e-01
1.813139399870273283e-01
1.818442955734987376e-01
1.823750875860986609e-01
1.829067095095331941e-01
1.834386281835043431e-01
1.839705751543532497e-01
1.845037056067421466e-01
1.850368984513551529e-01
1.855714691227380031e-01
1.861073763887288179e-01
1.866445588602195227e-01
1.871835424911281187e-01
1.877240684536296833e-01
1.882663595063256146e-01
1.888100298277636258e-01
1.893544287485194044e-01
1.898995220132663753e-01
1.904450511342906660e-01
1.909916419800682386e-01
1.915391329033004353e-01
1.920877101791350627e-01
1.926379480663163446e-01
1.931900780330703671e-01
1.937441128654162903e-01
1.942999891259415135e-01
1.948568392327352794e-01
1.954151701820821541e-01
1.959745605437016869e-01
1.965350554836137464e-01
1.970965911836721207e-01
1.976590290351636081e-01
1.982222251353544795e-01
1.987863012437908194e-01
1.993512093635634586e-01
1.999162846318978393e-01
2.004815068692865909e-01
2.010470020529007695e-01
2.016128379102439527e-01
2.021787301101037881e-01
2.027444367341022791e-01
2.033100244518247224e-01
2.038758462820535189e-01
2.044418734715720554e-01
2.050083300678690879e-01
2.055749357802041932e-01
2.061415116130906056e-01
2.067080731179832820e-01
2.072748190992218242e-01
2.078417106890853572e-01
2.084085214661995089e-01
2.089755838341101346e-01
2.095426986314773976e-01
2.101102341832866427e-01
2.106787381871101927e-01
2.112480701538662631e-01
2.118180719764518605e-01
2.123886677297431302e-01
2.129599521110819571e-01
2.135318036655375340e-01
2.141041180176832259e-01
2.146770642461421352e-01
2.152505946584595542e-01
2.158245265462951923e-01
2.163995326839054933e-01
2.169750468389275710e-01
2.175509462068610789e-01
2.181270092042113251e-01
2.187031151736596457e-01
2.192798105929190666e-01
2.198566367953873890e-01
2.204335645747730332e-01
2.210107596858614243e-01
2.215881780866554296e-01
2.221664724348271502e-01
2.227455938651649037e-01
2.233254709101334945e-01
2.239062193431401171e-01
2.244878207632211020e-01
2.250706441288760629e-01
2.256546912521148474e-01
2.262400212314618908e-01
2.268266342001072633e-01
2.274147764667998617e-01
2.280048863288044736e-01
2.285969864126826956e-01
2.291905750593609403e-01
2.297848672991718577e-01
2.303796552459035363e-01
2.309749715338690890e-01
2.315709407868729586e-01
2.321677415742665063e-01
2.327654463536705798e-01
2.333647787516953676e-01
2.339660305043438637e-01
2.345692953026099481e-01
2.351740958559855044e-01
2.357798789226739078e-01
2.363859745140599045e-01
2.369919045794605106e-01
2.375972913380817175e-01
2.382023672114336466e-01
2.388071462452414362e-01
2.394122055276066696e-01
2.400178617730134856e-01
2.406240901413224387e-01
2.412313855707515498e-01
2.418392658229259196e-01
2.424476590433104484e-01
2.430572112104933125e-01
2.436673129436872920e-01
2.442786194423735013e-01
2.448910567451047515e-01
2.455045244052528053e-01
2.461196333811580539e-01
2.467359678205811035e-01
2.473538861117925702e-01
2.479725492273259502e-01
2.485921491379165238e-01
2.492123680599021840e-01
2.498335985591444153e-01
2.504554822856071561e-01
2.510781889869220240e-01
2.517018420912578436e-01
2.523267908076617938e-01
2.529531288353434881e-01
2.535807952618823746e-01
2.542096212416454781e-01
2.548394533782892823e-01
2.554703083540664776e-01
2.561023937480241819e-01
2.567360180887711119e-01
2.573712408816317132e-01
2.580079354032994710e-01
2.586459692885532125e-01
2.592854818114433968e-01
2.599265615406117780e-01
2.605688873536807781e-01
2.612122334800489609e-01
2.618567126697746716e-01
2.625022839586290124e-01
2.631489416499487866e-01
2.637965276512271862e-01
2.644452064832225058e-01
2.650946350415037123e-01
2.657450389910128719e-01
2.663965635202711346e-01
2.670491652318101039e-01
2.677023774864433214e-01
2.683561492419154759e-01
2.690104620781242351e-01
2.696654438624539463e-01
2.703212099964776849e-01
2.709782553611784772e-01
2.716362226917643508e-01
2.722952907702146375e-01
2.729559346201133052e-01
2.736183859635606397e-01
2.742823508258672716e-01
2.749477951295275502e-01
2.756153390021712779e-01
2.762847560410833792e-01
2.769560616742169357e-01
2.776295991282186626e-01
2.783055675196970391e-01
2.789839376104699120e-01
2.796640666097580108e-01
2.803453575541817733e-01
2.810271202201672369e-01
2.817092814977515958e-01
2.823916940702564382e-01
2.830742691321916915e-01
2.837573081319974544e-01
2.844412544651654384e-01
2.851262228767730278e-01
2.858122236085581247e-01
2.864993843292943931e-01
2.871872354884850154e-01
2.878751505864501348e-01
2.885629528095340901e-01
2.892507177937924112e-01
2.899387557671495586e-01
2.906268250441355061e-01
2.913148758388663939e-01
2.920032455835268048e-01
2.926920270925202350e-01
2.933816976819091926e-01
2.940726102855862334e-01
2.947648476047642352e-01
2.954579730467776222e-01
2.961524758376440913e-01
2.968485256178072240e-01
2.975461331605249726e-01
2.982455095088578090e-01
2.989462461037692975e-01
2.996485608361583175e-01
3.003521554807521698e-01
3.010571540180520533e-01
3.017634825056758063e-01
3.024708470631304880e-01
3.031792035434174304e-01
3.038885324783219821e-01
3.045988875413118691e-01
3.053103476337907241e-01
3.060229410346105849e-01
3.067365698377326755e-01
3.074511914641787080e-01
3.081670352154368131e-01
3.088836369290948736e-01
3.096006294243344725e-01
3.103182331312191455e-01
3.110365080217128986e-01
3.117557026329556558e-01
3.124759102708758451e-01
3.131967841131764740e-01
3.139186900793720647e-01
3.146415207251062607e-01
3.153654081130354281e-01
3.160906185267099433e-01
3.168171627376626942e-01
3.175447916902094936e-01
3.182734470918978098e-01
3.190032222362884640e-01
3.197345093484860179e-01
3.204673110949847747e-01
3.212014126898988242e-01
3.219369014955619224e-01
3.226741711601476270e-01
3.234135961542395910e-01
3.241552348951433071e-01
3.248985181918270237e-01
3.256436266512156563e-01
3.263908836911771361e-01
3.271404507085903801e-01
3.278925963424114132e-01
3.286466206099624143e-01
3.294020343541436135e-01
3.301588785730799613e-01
3.309173126443363255e-01
3.316771824147223269e-01
3.324385007754250276e-01
3.332012870510404623e-01
3.339661139576441951e-01
3.347327112235765068e-01
3.355009637928787480e-01
3.362712821755669546e-01
3.370431529247230329e-01
3.378165791121819916e-01
3.385914117477212271e-01
3.393678106215760049e-01
3.401456684775061579e-01
3.409248359044591559e-01
3.417056020615523715e-01
3.424879144117067842e-01
3.432723307027265580e-01
3.440586415541587728e-01
3.448467132725541173e-01
3.456371393830067751e-01
3.464310539814554057e-01
3.472280162030347284e-01
3.480275786751930722e-01
3.488293084940193300e-01
3.496333192818864011e-01
3.504396974912716289e-01
3.512482338913023860e-01
3.520594531379420689e-01
3.528737282971814437e-01
3.536917245461483339e-01
3.545134741979092396e-01
3.553381617786484092e-01
3.561648827476169843e-01
3.569934596296476803e-01
3.578237207272602083e-01
3.586560372129273255e-01
3.594897137443436863e-01
3.603251885160699830e-01
3.611627984192042340e-01
3.620024033609807734e-01
3.628442368138925511e-01
3.636896358332977197e-01
3.645381696552031925e-01
3.653893478672826656e-01
3.662434694236387789e-01
3.671003670698981813e-01
3.679597252493213566e-01
3.688218560676613800e-01
3.696873387694535329e-01
3.705554416126313755e-01
3.714256972349908037e-01
3.722982552761321395e-01
3.731725940270621544e-01
3.740475645411578953e-01
3.749229905413881681e-01
3.757986452025501856e-01
3.766738094986760155e-01
3.775489741353711959e-01
3.784241733720482559e-01
3.792988375262250633e-01
3.801736466947052140e-01
3.810486978693072846e-01
3.819247679345404434e-01
3.828012186439319064e-01
3.836777132707284710e-01
3.845545749953640513e-01
3.854323046218176563e-01
3.863104478197460501e-01
3.871897005099864675e-01
3.880697355570394413e-01
3.889515554122854879e-01
3.898351217139924829e-01
3.907208768281782985e-01
3.916082998713065200e-01
3.924968100096071222e-01
3.933858901680511999e-01
3.942753044294981524e-01
3.951641400504328216e-01
3.960523821780528864e-01
3.969396830632917483e-01
3.978266861715166747e-01
3.987135992565399301e-01
3.996019444270703658e-01
4.004916131946672508e-01
4.013827777136481090e-01
4.022748894101789707e-01
4.031681359367640383e-01
4.040624910819002324e-01
4.049575559927505175e-01
4.058535464887829680e-01
4.067506315028003860e-01
4.076490643990025031e-01
4.085497734332874664e-01
4.094528892307155998e-01
4.103578083812510768e-01
4.112642450572306374e-01
4.121720416903292272e-01
4.130811769672004252e-01
4.139919265401180160e-01
4.149047322021386375e-01
4.158196327976503848e-01
4.167369305071757513e-01
4.176577798904476668e-01
4.185824587096970695e-01
4.195094554671873199e-01
4.204385578242606503e-01
4.213698533412216785e-01
4.223026188523567592e-01
4.232370687468237636e-01
4.241734270115454231e-01
4.251121064614164502e-01
4.260526666524057648e-01
4.269963364918832327e-01
4.279441359708971993e-01
4.288944473518704892e-01
4.298461594646634243e-01
4.307991284529669729e-01
4.317536538409231239e-01
4.327101247496488723e-01
4.336682436447257816e-01
4.346282184583070696e-01
4.355896525990279877e-01
4.365535224801894154e-01
4.375217017430672595e-01
4.384927049117172126e-01
4.394656694464782465e-01
4.404414985525826887e-01
4.414196305050614999e-01
4.423998842772370876e-01
4.433828853506758816e-01
4.443685391007513585e-01
4.453563447415577747e-01
4.463465255806849941e-01
4.473408897890078229e-01
4.483393959766847070e-01
4.493406235788282577e-01
4.503439738729538289e-01
4.513494319220665019e-01
4.523573227559619658e-01
4.533677780269012580e-01
4.543801676186602356e-01
4.553944277644009775e-01
4.564107170013804726e-01
4.574306618440918681e-01
4.584547929933639465e-01
4.594810277428509337e-01
4.605093939620962806e-01
4.615399767826289801e-01
4.625724772502868287e-01
4.636068573655081626e-01
4.646441776892369924e-01
4.656850187032746669e-01
4.667290801951718415e-01
4.677772026834758345e-01
4.688313016203967676e-01
4.698884699857335812e-01
4.709486538727008509e-01
4.720112728816835967e-01
4.730766552229599409e-01
4.741446897624427281e-01
4.752156489633460601e-01
4.762898286033967477e-01
4.773672746917974608e-01
4.784484689944820124e-01
4.795360665262058397e-01
4.806266081062556816e-01
4.817188799230539553e-01
4.828128886081272109e-01
4.839095499038730264e-01
4.850084379836862025e-01
4.861097310302525676e-01
4.872131809905858590e-01
4.883184751909347976e-01
4.894256720674695083e-01
4.905376147690689859e-01
4.916528146883137884e-01
4.927696621887936446e-01
4.938886047170221727e-01
4.950096249193513542e-01
4.961333220784951981e-01
4.972594976766723796e-01
4.983874122948477314e-01
4.995174706987972058e-01
5.006507097127881334e-01
5.017894803316117480e-01
5.029341141774195112e-01
5.040821049792724162e-01
5.052334499376863741e-01
5.063877945751676934e-01
5.075459239236208564e-01
5.087075363647755033e-01
5.098724098036606645e-01
5.110407734714347283e-01
5.122126214743027983e-01
5.133891271839395865e-01
5.145721698179183123e-01
5.157594668027439822e-01
5.169500742389397940e-01
5.181428596788173468e-01
5.193378497303904329e-01
5.205345051789178612e-01
5.217332223155368709e-01
5.229334566799154205e-01
5.241349751670331125e-01
5.253392438243673634e-01
5.265505697590191492e-01
5.277650969316017848e-01
5.289819790346779182e-01
5.302009295363215857e-01
5.314223371266638685e-01
5.326460697501602670e-01
5.338720518473510923e-01
5.351006268709749270e-01
5.363310359808254324e-01
5.375646841990313618e-01
5.388050067895638895e-01
5.400490785284938200e-01
5.412958154118533427e-01
5.425458405104005566e-01
5.437992676943641523e-01
5.450560571167462065e-01
5.463168477809819956e-01
5.475803027659492672e-01
5.488468094573488720e-01
5.501157786545894934e-01
5.513909930124475389e-01
5.526722917855934059e-01
5.539574469405587065e-01
5.552459746995360712e-01
5.565382010703384674e-01
5.578348433207862556e-01
5.591346753301187356e-01
5.604372421406556004e-01
5.617428796732527596e-01
5.630516323198315742e-01
5.643646485600214424e-01
5.656839505749274855e-01
5.670059201791972647e-01
5.683311825793135874e-01
5.696596099664473778e-01
5.709915557487829085e-01
5.723265144378829605e-01
5.736651667350775030e-01
5.750060782931191161e-01
5.763487103767386266e-01
5.776937611930993421e-01
5.790471961980382387e-01
5.804033335597087451e-01
5.817631730728317629e-01
5.831265834347576504e-01
5.844929303700884260e-01
5.858623656526207313e-01
5.872358879775612106e-01
5.886137214661129047e-01
5.899951457395460341e-01
5.913814369746819288e-01
5.927773056199971968e-01
5.941778115245582859e-01
5.955816601471060068e-01
5.969886842057495757e-01
5.984005948091836169e-01
5.998169762750155121e-01
6.012385939036885008e-01
6.026641021154864886e-01
6.040931272795353468e-01
6.055257566505534150e-01
6.069667882177292029e-01
6.084130882298027787e-01
6.098616119644592048e-01
6.113129082409171078e-01
6.127673083938244281e-01
6.142253828294184093e-01
6.156861480064232950e-01
6.171495144833998303e-01
6.186163876736208156e-01
6.200862499064091482e-01
6.215643751664181593e-01
6.230505828523885681e-01
6.245400166787244967e-01
6.260337822775818850e-01
6.275332440262932909e-01
6.290369923052135936e-01
6.305453629693646977e-01
6.320604183699743972e-01
6.335813673301698978e-01
6.351075686761075145e-01
6.366403502498549916e-01
6.381839104918407557e-01
6.397318179979988306e-01
6.412834249691227173e-01
6.428378131221242908e-01
6.443966657965713996e-01
6.459597020890620600e-01
6.475268143850479996e-01
6.490994935314934322e-01
6.506773179013636277e-01
6.522599670799626992e-01
6.538570610774039338e-01
6.554605040762659929e-01
6.570697754559609027e-01
6.586843138176504686e-01
6.603033572595764511e-01
6.619269539407157676e-01
6.635562121004773273e-01
6.651907641954066808e-01
6.668303759890911175e-01
6.684754736079716597e-01
6.701342173726041462e-01
6.718006053763823093e-01
6.734730576448041406e-01
6.751501071499074191e-01
6.768321534505093995e-01
6.785189619623990254e-01
6.802119435921333279e-01
6.819104735550718388e-01
6.836161417883102054e-01
6.853274217054017292e-01
6.870515915554500364e-01
6.887888629230174420e-01
6.905325469056309284e-01
6.922805619942502542e-01
6.940342989265428919e-01
6.957936948130192256e-01
6.975585787384316339e-01
6.993294254749226058e-01
7.011060409450577957e-01
7.028883387057905940e-01
7.046824837472585035e-01
7.064931884888602243e-01
7.083114253827054174e-01
7.101363057554734848e-01
7.119685124603754023e-01
7.138052459133065186e-01
7.156486611572439038e-01
7.174999237777560657e-01
7.193586004271195211e-01
7.212251727273468749e-01
7.231018364404072640e-01
7.250002590331271479e-01
7.269081658444218608e-01
7.288252283683454014e-01
7.307488312559946575e-01
7.326827104744331187e-01
7.346262090019586299e-01
7.365771020250210244e-01
7.385367492044876414e-01
7.405061881448271599e-01
7.424856839227189642e-01
7.444892518498298362e-01
7.465046764987548489e-01
7.485295343718223471e-01
7.505640369178447902e-01
7.526089533875296445e-01
7.546657853534051164e-01
7.567349404185994555e-01
7.588133311439548834e-01
7.609025885495757091e-01
7.629995137506165870e-01
7.651211625853141518e-01
7.672619448720173763e-01
7.694124311266030691e-01
7.715769697536973837e-01
7.737537471475666173e-01
7.759412320849675693e-01
7.781411358767138520e-01
7.803539483680277389e-01
7.825800657601342802e-01
7.848207018044082162e-01
7.870848733698008193e-01
7.893803861436174962e-01
7.916867422311812952e-01
7.940048589340250595e-01
7.963371402446169922e-01
7.986830827150049883e-01
8.010453069084522149e-01
8.034197978305047672e-01
8.058118810914114416e-01
8.082221895848907822e-01
8.106565934786336136e-01
8.131359950346095378e-01
8.156351757929716229e-01
8.181534497116298432e-01
8.206985356771440143e-01
8.232681509560898503e-01
8.258612102921850662e-01
8.284793981066501667e-01
8.311187851080537037e-01
8.337728480836399392e-01
8.364478464331338570e-01
8.391810645068543684e-01
8.419390452227338839e-01
8.447279163375776001e-01
8.475421590333624966e-01
8.503897339976876912e-01
8.532724849219430752e-01
8.561768329003284217e-01
8.591134635598929314e-01
8.621067118209488900e-01
8.652098730870907417e-01
8.683361127724075201e-01
8.714935657792852730e-01
8.746791661004930107e-01
8.778697402627939628e-01
8.810711488380403855e-01
8.843039648993875623e-01
8.875773322485790429e-01
8.909149981939997742e-01
8.943055715913469372e-01
8.977527132919953523e-01
9.021104824402025324e-01
9.057468346784232072e-01
9.093866702771895572e-01
9.130967453798655153e-01
9.168930956029162083e-01
9.207334413132581830e-01
9.246207025136349289e-01
9.285820838366772856e-01
9.326254576546020303e-01
9.367780838335610927e-01
9.411457318912261893e-01
9.470958201543236976e-01
9.518349361117656171e-01
9.565815597418043659e-01
9.614741749564692519e-01
9.667191324333862523e-01
9.749701107677734013e-01
9.810292028910232442e-01
9.871091161048632934e-01
9.932652715691323575e-01
1.000000000000000000e+00
