0.000000000000000000e+00
3.871632311821857683e-03
6.576597233957338744e-03
8.791904534756022141e-03
1.068982489052871555e-02
1.241749960492311358e-02
1.401643724348578153e-02
1.552606644293392027e-02
1.698087955499350682e-02
1.838410380466126356e-02
1.975552168299501282e-02
2.109762236450797232e-02
2.248547760845199389e-02
2.379185899444091062e-02
2.504714294974803857e-02
2.628572057032680168e-02
2.751138745546252359e-02
2.872616318189562951e-02
2.993803371761398491e-02
3.114210022447615189e-02
3.234368002191687075e-02
3.354044779662340714e-02
3.473366215824479769e-02
3.592738173311016414e-02
3.712044561723876895e-02
3.831648146791800241e-02
3.951523125895774202e-02
4.071686484831740088e-02
4.192366318141787368e-02
4.313424267153559422e-02
4.434925742649754171e-02
4.556631421315841812e-02
4.678686355174170586e-02
4.801373579824295273e-02
4.924670898006986569e-02
5.048681226918036447e-02
5.173491413606703254e-02
5.299020223248397665e-02
5.425359767844965125e-02
5.552599686585591582e-02
5.680540137167554987e-02
5.809436327039246145e-02
5.939311865795065398e-02
6.070131059375875882e-02
6.201869710211587589e-02
6.334523896911758989e-02
6.468076009044095021e-02
6.602738561321784549e-02
6.738382506873112632e-02
6.875251093287736148e-02
7.013287556446499982e-02
7.152397792458722869e-02
7.292889538879947231e-02
7.434520873180555656e-02
7.577399393314408760e-02
7.721499890745565919e-02
7.866651196560912884e-02
8.013189747669001439e-02
8.160867227664393708e-02
8.309832216713278208e-02
8.460074120254501562e-02
8.611482876568000988e-02
8.764306936431626172e-02
8.918149898620701677e-02
9.073344070431380026e-02
9.230002606012344124e-02
9.388052806360802638e-02
9.547860589292529732e-02
9.709294630127728032e-02
9.872453086095479835e-02
1.003779145892049751e-01
1.020499093787325950e-01
1.037406026551139365e-01
1.054524885452391841e-01
1.071816669708974962e-01
1.089296423780612838e-01
1.106940414601708389e-01
1.124750889623869349e-01
1.142705594264389474e-01
1.160774786135017195e-01
1.178963463801931122e-01
1.197216906420634219e-01
1.215565897489424424e-01
1.234019342618091070e-01
1.252559966402451985e-01
1.271220653610044271e-01
1.289988914334705417e-01
1.308878232262762620e-01
1.327918593114026935e-01
1.347093500207415251e-01
1.366428880363972365e-01
1.385912708105024593e-01
1.405548606326021133e-01
1.425347879856718181e-01
1.445302961754737214e-01
1.465437953166500162e-01
1.485731071260300573e-01
1.506196117444176530e-01
1.526846700363857778e-01
1.547641926693785752e-01
1.568583191621875095e-01
1.589669733462272250e-01
1.610901366502698606e-01
1.632283918127430122e-01
1.653815266828848329e-01
1.675535095088670767e-01
1.697448760048629046e-01
1.719536923893916769e-01
1.741836314011358799e-01
1.764305617279244565e-01
1.786947786865336896e-01
1.809778931091177989e-01
1.832797950847032953e-01
1.856043612576336599e-01
1.879525541808887978e-01
1.903246917079203793e-01
1.927233268853210113e-01
1.951466486457564820e-01
1.975951945105862972e-01
2.000688502470357455e-01
2.025669215072335438e-01
2.050877826495251244e-01
2.076250753682573058e-01
2.101799873232609028e-01
2.127490612295331041e-01
2.153306806406869167e-01
2.179256657775711647e-01
2.205310364381528332e-01
2.231476128144375126e-01
2.257768895171175239e-01
2.284217969426393657e-01
2.310852799714655514e-01
2.337668659165991203e-01
2.364703406496389548e-01
2.391979465191062526e-01
2.419464645936734437e-01
2.447181574927598247e-01
2.475162226347832617e-01
2.503432107865798950e-01
2.532005525429264492e-01
2.560844147033229934e-01
2.589942544233252986e-01
2.619312191820549196e-01
2.648943172639022792e-01
2.678855211695539973e-01
2.709008837817793447e-01
2.739432064815288670e-01
2.770136520638959987e-01
2.801123302908570256e-01
2.832412331731989363e-01
2.863951293677876042e-01
2.895753736396163291e-01
2.927824660836865212e-01
2.960168032647060854e-01
2.992827858885695469e-01
3.025737081207892643e-01
3.058920809906328087e-01
3.092403488426742064e-01
3.126166638509828566e-01
3.160244287984798062e-01
3.194608313216321660e-01
3.229254422894639598e-01
3.264217025009664708e-01
3.299457164977262491e-01
3.335052599490244130e-01
3.370982550347507711e-01
3.407221763563659245e-01
3.443849184147227960e-01
3.480769088291610358e-01
3.518122464174782693e-01
3.555835860540868532e-01
3.593916779156584584e-01
3.632451207022827089e-01
3.671376052002836010e-01
3.710767005358069914e-01
3.750625600986964292e-01
3.790908643595131133e-01
3.831773419839816230e-01
3.873175004989942161e-01
3.915302389974140151e-01
3.958346069809779988e-01
4.002154664300062725e-01
4.047016088125243716e-01
4.092905892768762821e-01
4.139933839203773780e-01
4.187835646781878363e-01
4.235894000292806938e-01
4.283890582065785768e-01
4.331696161453089111e-01
4.379460352237391496e-01
4.427415842709215843e-01
4.475282616403708502e-01
4.523456254560159207e-01
4.571991702032516813e-01
4.620954400838259701e-01
4.670549406622275801e-01
4.720587395185139590e-01
4.771292423519205572e-01
4.822576000132329233e-01
4.874380082516909796e-01
4.926968149105591666e-01
4.980041701364558704e-01
5.033829120486674746e-01
5.088305223141315059e-01
5.143376947715883052e-01
5.199380004813881628e-01
5.256022428953410763e-01
5.313401020639243466e-01
5.371609790375470039e-01
5.430513035590927018e-01
5.490460257110567621e-01
5.551098379299567176e-01
5.612594158415040724e-01
5.675171032656888270e-01
5.738582692878475555e-01
5.803385874853522752e-01
5.869222498659291132e-01
5.936021735940699706e-01
6.004047461110635364e-01
6.072912563752617121e-01
6.143061694729160527e-01
6.214277526917292294e-01
6.286542663448905222e-01
6.360262447356574977e-01
6.434959394451191805e-01
6.511103024649448345e-01
6.588527471432876759e-01
6.667154740023656379e-01
6.747483861491291313e-01
6.829114192936773797e-01
6.912423762137729355e-01
6.997770582105294901e-01
7.084590557171580594e-01
7.173794756473338419e-01
7.264456651557555933e-01
7.357200660700057293e-01
7.452533309931107519e-01
7.549852517473114588e-01
7.650098616059686218e-01
7.752992805845906332e-01
7.858212598273668359e-01
7.966390449951606945e-01
8.076816236845534291e-01
8.189552708522885860e-01
8.304122143905766640e-01
8.421320711170203754e-01
8.542571500731381828e-01
8.667041614140551520e-01
8.795867621150692539e-01
8.931698939437932028e-01
9.072400716638552298e-01
9.218937413264083336e-01
9.375742905536698091e-01
9.604251736330919886e-01
9.796770257743232513e-01
1.000000000000000000e+00
