0.000000000000000000e+00 0.000000000000000000e+00 0.000000000000000000e+00
9.282905549365998155e-03 1.028798791268292767e-02 1.149925837378866500e-02
1.582641891384861318e-02 1.753353551853452374e-02 1.952565701234951212e-02
2.123205299200382409e-02 2.353234885686120159e-02 2.624906383299443341e-02
2.595479851052191062e-02 2.877422124146297722e-02 3.214421762658703496e-02
3.026697156436831959e-02 3.357375838183726535e-02 3.743726207513271842e-02
3.425053567970386126e-02 3.800234792522230731e-02 4.231576192974543377e-02
3.801864955130183910e-02 4.219289601082834573e-02 4.691804354615695949e-02
4.161897172473650458e-02 4.621769876894488149e-02 5.128582299289884822e-02
4.506877390152596446e-02 5.009160802389107936e-02 5.546459132541617376e-02
4.839903050956132630e-02 5.382422768065223129e-02 5.949897983923668754e-02
5.162450380254447052e-02 5.745144381580287452e-02 6.338196677582708105e-02
5.476716799899779969e-02 6.106146738398329082e-02 6.716019734241850114e-02
5.781469492282512168e-02 6.450799115242447646e-02 7.082369382972440730e-02
6.077858466967499262e-02 6.783588980468729934e-02 7.439031753733443830e-02
6.367561323606127366e-02 7.109925983409706718e-02 7.786784189930995304e-02
6.651332479403701536e-02 7.429197066200993183e-02 8.128074145612501633e-02
6.931113607978930946e-02 7.743865121826995490e-02 8.462526252544376459e-02
7.206733965409842235e-02 8.055743253475126930e-02 8.793084209092831560e-02
7.480225702861489911e-02 8.363919716935191984e-02 9.119010122289458731e-02
7.751870007389366490e-02 8.670206051118045654e-02 9.442771225638429966e-02
8.019285385926980259e-02 8.970669249935195322e-02 9.758747374368424710e-02
8.283604422692891767e-02 9.266533831951012656e-02 1.007083877288636048e-01
8.544610160412850763e-02 9.559006621993279551e-02 1.037934109259174564e-01
8.803425791115436494e-02 9.848108711924646874e-02 1.068665793318938906e-01
9.060004239320379460e-02 1.013676441046990340e-01 1.099306721306252677e-01
9.315064261235317389e-02 1.042357963395083575e-01 1.129584331019747589e-01
9.568744650469182544e-02 1.071060622378241234e-01 1.159637653549925596e-01
9.822631966744369003e-02 1.099750237210777581e-01 1.189548960722396909e-01
1.007479112934760723e-01 1.128385260858202899e-01 1.219099917269898803e-01
1.032634484963982913e-01 1.156850661329744123e-01 1.248488486852334378e-01
1.057544886824267338e-01 1.185126490855758635e-01 1.277523149430893623e-01
1.082076123536403617e-01 1.212849206484034048e-01 1.305870247848869570e-01
1.106323300058947717e-01 1.240398509309018071e-01 1.333910255021609204e-01
1.130530807488894368e-01 1.267772519533758024e-01 1.361738848932594337e-01
1.154590110686575938e-01 1.295187526537895095e-01 1.389403057188503543e-01
1.178745482088490726e-01 1.322576189950021297e-01 1.416993833834659933e-01
1.202805711198755706e-01 1.350040623231860692e-01 1.444472753631320661e-01
1.226862701740319417e-01 1.377449813519948940e-01 1.471882937420068149e-01
1.250792647408996150e-01 1.404761691157625225e-01 1.499079855411848961e-01
1.274533066905518819e-01 1.431986498782135131e-01 1.526031776333880985e-01
1.298170137196136553e-01 1.459003388767100562e-01 1.552730568038127590e-01
1.321690567821493523e-01 1.486000004586967849e-01 1.579249639291586127e-01
1.345223594334493677e-01 1.513054025908776579e-01 1.605714983590846301e-01
1.368736777512684910e-01 1.539991248298115678e-01 1.632023195032250018e-01
1.392273433546335759e-01 1.566973244498578444e-01 1.658290275380749357e-01
1.415685634452772401e-01 1.593854436741636293e-01 1.684393412083562414e-01
1.439038070265313274e-01 1.620585421590814423e-01 1.710308920799911148e-01
1.462362923095407163e-01 1.647285218874592339e-01 1.736111864907921576e-01
1.485715442367005201e-01 1.674079400902553916e-01 1.761894422356347079e-01
1.509177922808262462e-01 1.701036734144054652e-01 1.787791706106125478e-01
1.532818133212696665e-01 1.728152750518675562e-01 1.813817586525747483e-01
1.556759656544073334e-01 1.755552436644540470e-01 1.840099219560677180e-01
1.580833084668273325e-01 1.783120049180474398e-01 1.866439895805854232e-01
1.604783533576816246e-01 1.810593920749005159e-01 1.892538658659365380e-01
1.628770490705356289e-01 1.838093326534508964e-01 1.918598086759078503e-01
1.652539948050915641e-01 1.865309205834577433e-01 1.944291823966409205e-01
1.676128267632802094e-01 1.892334946122883055e-01 1.969715465383556074e-01
1.699670557478741850e-01 1.919335377211091598e-01 1.995017842000497699e-01
1.723142306696204551e-01 1.946289138218966486e-01 2.020183857369340086e-01
1.746564687860716614e-01 1.973184181521016323e-01 2.045223173481466317e-01
1.770006217321741238e-01 2.000090659609833899e-01 2.070305870478058585e-01
1.793614152453593125e-01 2.027167060532212017e-01 2.095547767882728896e-01
1.817375483437988215e-01 2.054376823042444178e-01 2.120933693050139901e-01
1.841058910982540930e-01 2.081555272552073899e-01 2.146243507414229978e-01
1.864636207729175321e-01 2.108678042910039907e-01 2.171338663588872619e-01
1.888077752314130109e-01 2.135683456531880520e-01 2.196249367540289710e-01
1.911516329380907042e-01 2.162704402633179313e-01 2.221174180543663834e-01
1.934976182931140154e-01 2.189785003075817860e-01 2.246184285090728761e-01
1.958544630718077051e-01 2.217043039475333488e-01 2.271341291124672479e-01
1.982267777714997736e-01 2.244566188700824472e-01 2.296696289185980455e-01
2.006216182083302157e-01 2.272356755627592262e-01 2.322353932284394740e-01
2.030536826542759521e-01 2.300512972069892748e-01 2.348478240968727426e-01
2.054656885282120926e-01 2.328452251848591448e-01 2.374377879907116629e-01
2.078444171454626732e-01 2.356083710963151889e-01 2.400016367249485638e-01
2.102106106946727282e-01 2.383664690008823195e-01 2.425657239643369267e-01
2.125567203713646380e-01 2.411146045118174874e-01 2.451035332466494354e-01
2.148986920800597111e-01 2.438647654663942399e-01 2.476368324944003274e-01
2.172449051398664399e-01 2.466261395591858308e-01 2.501747732822331427e-01
2.196067611245341444e-01 2.494070633576307150e-01 2.527294831434528377e-01
2.219873707055955436e-01 2.522097945831686117e-01 2.552940241347620987e-01
2.243704043874111820e-01 2.550107589523685769e-01 2.578502337042789527e-01
2.267587214307439092e-01 2.578160955285053735e-01 2.603993161265704681e-01
2.291450728453442443e-01 2.606174410096133709e-01 2.629463426695003436e-01
2.315359238829607369e-01 2.634136905534677497e-01 2.654891200912977700e-01
2.339470314191743061e-01 2.662212045440794927e-01 2.680355751679736609e-01
2.363838819722818008e-01 2.690408338810594824e-01 2.705999644924295122e-01
2.388463931151937614e-01 2.718771315000565458e-01 2.731837516099320240e-01
2.413343613907124596e-01 2.747338399760772543e-01 2.757847537300400775e-01
2.438086030814297644e-01 2.775673701177950869e-01 2.783802659258911572e-01
2.462710973097930467e-01 2.803845762040605427e-01 2.809754303214353488e-01
2.487339211353117308e-01 2.831889439696345656e-01 2.835679600007721679e-01
2.512169546671958464e-01 2.860024929836741392e-01 2.861724510125676635e-01
2.537233366311052452e-01 2.888318419924060798e-01 2.887971304355894109e-01
2.562391837524832239e-01 2.916660861394400062e-01 2.914255685881343982e-01
2.587823545885057364e-01 2.945191499362069254e-01 2.940767275387496937e-01
2.613512682965636325e-01 2.973857528588814692e-01 2.967395154734283613e-01
2.639365587537987334e-01 3.002582483182304474e-01 2.994047381355647852e-01
2.665274855192888981e-01 3.031273960530275202e-01 3.020562392817905950e-01
2.691142356528181123e-01 3.059907340053918956e-01 3.046955386937668098e-01
2.716980493517999751e-01 3.088571159099348651e-01 3.073414939070560070e-01
2.742816698871109460e-01 3.117349623424063854e-01 3.099939972497627316e-01
2.768685419681374826e-01 3.146292440422867598e-01 3.126485076111929495e-01
2.794702020156988875e-01 3.175412901473532168e-01 3.153143254002763740e-01
2.820834948139383513e-01 3.204660342939545936e-01 3.179866597690506058e-01
2.847039200519628777e-01 3.233982966036821338e-01 3.206608410459572123e-01
2.873254874867018360e-01 3.263280580481437987e-01 3.233380460931932765e-01
2.899463742457896176e-01 3.292546556957959836e-01 3.260116908463743801e-01
2.925766622877642442e-01 3.321887943221403239e-01 3.286868710946682648e-01
2.952244135318695673e-01 3.351423355711678487e-01 3.313729501817214707e-01
2.979003392037525844e-01 3.381238877864662928e-01 3.340859074234927006e-01
3.005943836450614137e-01 3.411283216107162120e-01 3.368210433274726467e-01
3.032908707968265949e-01 3.441436212981156539e-01 3.395609938086441293e-01
3.060063371571395407e-01 3.471895559578926926e-01 3.423263328766965596e-01
3.087076565038289200e-01 3.502378288820263141e-01 3.450765210412722883e-01
3.113900098865486910e-01 3.532774889513227157e-01 3.477946367507475656e-01
3.140718206846415672e-01 3.563208564605912509e-01 3.504945610008108892e-01
3.167585254802343098e-01 3.593714755138369688e-01 3.531846267722714705e-01
3.194599135957612579e-01 3.624355090479628450e-01 3.558733294005845815e-01
3.221662150884916365e-01 3.655142373669532097e-01 3.585685148372455555e-01
3.248761306860879494e-01 3.686150012169432388e-01 3.612627354730487683e-01
3.275977506826767693e-01 3.717374180902482395e-01 3.639725014029470684e-01
3.303375156582094019e-01 3.748734336908157161e-01 3.667035499199027826e-01
3.330983319017697952e-01 3.780192078433766700e-01 3.694524011263076169e-01
3.358760227577051172e-01 3.811697783124311512e-01 3.722083364336262190e-01
3.386640287575509167e-01 3.843187903679607942e-01 3.749579698413745277e-01
3.414629388822448819e-01 3.874633599451858812e-01 3.777083854963790843e-01
3.442673702084908527e-01 3.905975838071002459e-01 3.804610778658618631e-01
3.470895853427150013e-01 3.937335049713348023e-01 3.832347231419292455e-01
3.499419077387384003e-01 3.968819394180332916e-01 3.860450727054196562e-01
3.528365460748171811e-01 4.000551019920998708e-01 3.889082813258756821e-01
3.557551717678827941e-01 4.032320089137363395e-01 3.918158381431888770e-01
3.586609537408542714e-01 4.063913583770202287e-01 3.947477676273590252e-01
3.615696708841563134e-01 4.095510115816730079e-01 3.977196068600300505e-01
3.644506670277696814e-01 4.127079643756751959e-01 4.007229582451738992e-01
3.673073923418577191e-01 4.158510654149160102e-01 4.037641199886395915e-01
3.701627093906925681e-01 4.189982092098117339e-01 4.068445340007163513e-01
3.730214039950366933e-01 4.221650703392739179e-01 4.099400604327776421e-01
3.758895054286258142e-01 4.253573382243462930e-01 4.130055018141042256e-01
3.787596894535876779e-01 4.285679701095908567e-01 4.160103106238302040e-01
3.816249977494779455e-01 4.318019108727301214e-01 4.189680938663008503e-01
3.844838137675216649e-01 4.350388102750056829e-01 4.218926298773183481e-01
3.873347235086217477e-01 4.382750278968577939e-01 4.247786138987604265e-01
3.901872595174588620e-01 4.415125763273526349e-01 4.276599674049920141e-01
3.930471080068155820e-01 4.447543461808307619e-01 4.305238843054316478e-01
3.959148739201620026e-01 4.480052969106691485e-01 4.333831173335580544e-01
3.988088777753536762e-01 4.512699458950286124e-01 4.362410184078642228e-01
4.017292539037028987e-01 4.545633263155520742e-01 4.391163776177079980e-01
4.046800768999184728e-01 4.578820684875296587e-01 4.419992705864846938e-01
4.076399172635450374e-01 4.611983100255739876e-01 4.448828229242711707e-01
4.106282750310945584e-01 4.645299229084589032e-01 4.477764551842348673e-01
4.136299640231839714e-01 4.678654651399120068e-01 4.506757205058604110e-01
4.166470195560918466e-01 4.711891227051280828e-01 4.535685916073786683e-01
4.196866387852469238e-01 4.745308724875302309e-01 4.564782091926933849e-01
4.227787443588402749e-01 4.778997481291388794e-01 4.593984916805403107e-01
4.258936173245843060e-01 4.812814041719725155e-01 4.623167594411906611e-01
4.290619363655450158e-01 4.846689321129835637e-01 4.652632045577747566e-01
4.322549397453976372e-01 4.880413785081805789e-01 4.681862243611442653e-01
4.354615301111907089e-01 4.914028998588101937e-01 4.710858592560908109e-01
4.387046896709481669e-01 4.947554481651259550e-01 4.739840657977473781e-01
4.419837723480820602e-01 4.980889518434816754e-01 4.768617674871836742e-01
4.452932655800184159e-01 5.014196935389889642e-01 4.797536506246005694e-01
4.485915087969915560e-01 5.047787091348183708e-01 4.826567392894139941e-01
4.518471121544086477e-01 5.081482600009437078e-01 4.855703146724734132e-01
4.550828052028557114e-01 5.115508402939270560e-01 4.885423507182626301e-01
4.582906626998753397e-01 5.149654505802536697e-01 4.915526044917161164e-01
4.614946596223246655e-01 5.184111006370621944e-01 4.946008996829819870e-01
4.647030743688414511e-01 5.218988944212161751e-01 4.977236089837689392e-01
4.678639512415152524e-01 5.253687098004025113e-01 5.008369912596737361e-01
4.709959432514060906e-01 5.288230839493619495e-01 5.039648487007591937e-01
4.741279550731190562e-01 5.322710022130257013e-01 5.070995167949432503e-01
4.772684157114677750e-01 5.356940923637307783e-01 5.102239242440205214e-01
4.804204846602849188e-01 5.391256049470102285e-01 5.133729563327426026e-01
4.835874295108832377e-01 5.425517724599838720e-01 5.164956678609973206e-01
4.867904125656727921e-01 5.459908852151851288e-01 5.196380858169578065e-01
4.900347485579088502e-01 5.494630520347966174e-01 5.227888094893008430e-01
4.932881647879302500e-01 5.529505099797689116e-01 5.260035688656559127e-01
4.965783667457736583e-01 5.564856683979366725e-01 5.292444301494033665e-01
4.998731672554410643e-01 5.600348685982614594e-01 5.324919018600657861e-01
5.031897617859695249e-01 5.636349696976903356e-01 5.357851223067815472e-01
5.065419376229326476e-01 5.673256093509663200e-01 5.390833004948933915e-01
5.099240539065099664e-01 5.710716784911624710e-01 5.423949955787246147e-01
5.133491053192523745e-01 5.749006680978882011e-01 5.457489022769645981e-01
5.167983865160977741e-01 5.788017406827626887e-01 5.490788955106186142e-01
5.202623111010893364e-01 5.828051455163829608e-01 5.524371110449624034e-01
5.237503440233812757e-01 5.868590532710727947e-01 5.558461978195323727e-01
5.272609898850202370e-01 5.908878471977944136e-01 5.592638251744296296e-01
5.308038058683743898e-01 5.948663878958234674e-01 5.627514957094781334e-01
5.343638640444399179e-01 5.987857111513592567e-01 5.662650945378810974e-01
5.379434193968205546e-01 6.026561016333755738e-01 5.697682554238231445e-01
5.415413360314054181e-01 6.064834758456133512e-01 5.732898348965358437e-01
5.451184174183562048e-01 6.102244179878952846e-01 5.767964346235835427e-01
5.487070285092576771e-01 6.139135529148199710e-01 5.803126297010523515e-01
5.522989276437756390e-01 6.175540339685084978e-01 5.838226696687158768e-01
5.558981249280646741e-01 6.211685357320767542e-01 5.873259111075324057e-01
5.595612078461976724e-01 6.248010130550498697e-01 5.909032719361395625e-01
5.632721388504344784e-01 6.284148384181479363e-01 5.945442563353169341e-01
5.670532413055892063e-01 6.320286567264399302e-01 5.982763423339715336e-01
5.708802362406159014e-01 6.356476934848036553e-01 6.020615693467059604e-01
5.746981713759770072e-01 6.392343790308190332e-01 6.058655900364459113e-01
5.785733147232594575e-01 6.428406901005743190e-01 6.097541506493148189e-01
5.824454797152105456e-01 6.464435845220429799e-01 6.136687167598682269e-01
5.863597960670772213e-01 6.500394472930871581e-01 6.176558824017045479e-01
5.903336981998610344e-01 6.536770084046150675e-01 6.217024361346192851e-01
5.943512770983305771e-01 6.573267876729690373e-01 6.257767043992352729e-01
5.984469916386035981e-01 6.610275371881689788e-01 6.298849822538564736e-01
6.025759609222075541e-01 6.647411145712075475e-01 6.340144333769296425e-01
6.067601658116339447e-01 6.684955586508211089e-01 6.381526060924150867e-01
6.109797393631187790e-01 6.722834025104644784e-01 6.423445652246354554e-01
6.152132853512340960e-01 6.760836720498658581e-01 6.465763870520793155e-01
6.195016969830379194e-01 6.799199300013205605e-01 6.508571313387887525e-01
6.238065051736561006e-01 6.837701970869912715e-01 6.551734003444386056e-01
6.281729319166865499e-01 6.876534091611992139e-01 6.595350647461538651e-01
6.325780724688451206e-01 6.915750863738409082e-01 6.639417192076207952e-01
6.370122528356416680e-01 6.955316769404193966e-01 6.683574733907554632e-01
6.415079982012931170e-01 6.995432379544513912e-01 6.727889189831065542e-01
6.460197549482796786e-01 7.036018301321584900e-01 6.772061841959001738e-01
6.505488967773701559e-01 7.076514344354084551e-01 6.815749679055329580e-01
6.551768400407790294e-01 7.117621524731604365e-01 6.860240359136844379e-01
6.598844989894439017e-01 7.158952024839366768e-01 6.905355643353408013e-01
6.647125834404719047e-01 7.200967464760253955e-01 6.952211622706152561e-01
6.695533379872307123e-01 7.243009937382433039e-01 7.000327898456069065e-01
6.744855844181923965e-01 7.285560197393891047e-01 7.049792723101461211e-01
6.795355750593990996e-01 7.329047915465443097e-01 7.101063069251237758e-01
6.846580435800113662e-01 7.372794365935430028e-01 7.153394183351686753e-01
6.899102936287986321e-01 7.417771487781310569e-01 7.207610739907316377e-01
6.952579064819537358e-01 7.463220903593267286e-01 7.263168778661233116e-01
7.006979908979781291e-01 7.508944548638674110e-01 7.320118138840466804e-01
7.063057086970718768e-01 7.555683911887006721e-01 7.379250754503415832e-01
7.119892380023692402e-01 7.603110328414451891e-01 7.440175143202206742e-01
7.177868876742651283e-01 7.652227211856460487e-01 7.503394135118208741e-01
7.237064126645165185e-01 7.703488699025579090e-01 7.568919125055445507e-01
7.297491532083094645e-01 7.755793589857591375e-01 7.636166953569676341e-01
7.360519718019781221e-01 7.810302725879647578e-01 7.706012906212337255e-01
7.424654158780601421e-01 7.866284481541205853e-01 7.777400748294919230e-01
7.490749581957949488e-01 7.924557222385271160e-01 7.850624211000957198e-01
7.559082691494393158e-01 7.985946889987663999e-01 7.926390365589042197e-01
7.629376781968303378e-01 8.049770520477174118e-01 8.003981933382929848e-01
7.702558052032589808e-01 8.116874322252668472e-01 8.084592421696044084e-01
7.778271314793978597e-01 8.186139837465307156e-01 8.166786458844534913e-01
7.856811918765784775e-01 8.258029699849048777e-01 8.251094374963908740e-01
7.939177167096187482e-01 8.332782129475447830e-01 8.337448384325185646e-01
8.024377876322815739e-01 8.409518339938141240e-01 8.423137434100091969e-01
8.114760715351185816e-01 8.489500066765410802e-01 8.511588819195967659e-01
8.210036291502184058e-01 8.572245681407653084e-01 8.602854960235699622e-01
8.308486918169895041e-01 8.657388542778744478e-01 8.696818390841497548e-01
8.413400788156698562e-01 8.745996868805948621e-01 8.796499964270488858e-01
8.525214328226221605e-01 8.838235310642206244e-01 8.898990844930120270e-01
8.648881256611445911e-01 8.936696494052280837e-01 9.008348228297047289e-01
8.775998806927239881e-01 9.043069524390715541e-01 9.122726414260370342e-01
8.925407345628105782e-01 9.154621113372320984e-01 9.241555286879884479e-01
9.077549851045556562e-01 9.274816041783988663e-01 9.368826215396394153e-01
9.240165481450887119e-01 9.406771297079892236e-01 9.503064437297351619e-01
9.451492128250505997e-01 9.616479774908258671e-01 9.651445107198505236e-01
9.716388229713279756e-01 9.796232730717392423e-01 9.814522956435484113e-01
1.000000000000000000e+00 1.000000000000000000e+00 1.000000000000000000e+00
