1.613728030577336603e-01 -7.082313638076202789e-03 9.053826192728653410e-05 1.627970831899819282e-07 1.370431546021677605e-16
1.506606054489080804e-01 -8.507491117271073766e-03 8.001428114842029649e-05 1.330873698650661408e-07 1.353084311261909534e-16
1.433372646597458888e-01 -9.444291451839226248e-03 7.298203958573667993e-05 1.134348247599017978e-07 1.296705798292663303e-16
1.374333566296898068e-01 -1.015834310222437503e-02 6.749547967801333703e-05 9.765780359556608392e-08 1.288032180912779268e-16
1.324504249695599434e-01 -1.073370794439330173e-02 6.298511301426612530e-05 8.450353413715083750e-08 1.259842924428156152e-16
1.279587355652654079e-01 -1.121056530764714954e-02 5.910449568162848277e-05 7.275970472821191581e-08 1.264179733118098170e-16
1.240119810991088534e-01 -1.162647890627563352e-02 5.565731024163508844e-05 7.060501735437624271e-08 1.270684946153011197e-16
1.203496586702403892e-01 -1.198083990504165280e-02 5.264634908170445771e-05 6.166035567464062117e-08 1.231653667943533037e-16
1.168453201199858987e-01 -1.230461929488479988e-02 4.983388974114794090e-05 5.303980043797756894e-08 1.201296007113938913e-16
1.134993735524819081e-01 -1.259657903996639836e-02 4.717131897366208526e-05 5.273566381237132505e-08 1.203464411458909922e-16
1.103633589604748333e-01 -1.286585994756963072e-02 4.472902731520594921e-05 4.417037184449579268e-08 1.218643241873706984e-16
1.073115756729741965e-01 -1.311629401261913547e-02 4.240271624897026803e-05 3.552150800410769360e-08 1.188285581044112860e-16
1.041266498316851252e-01 -1.337929937683789150e-02 3.996050548234555966e-05 2.741527804252241740e-08 1.147085898489663691e-16
1.012619180014201758e-01 -1.360118124867169126e-02 3.778989970365173590e-05 2.698132249481094425e-08 1.160096324559489744e-16
9.856232295409292354e-02 -1.379798070812539995e-02 3.584773755866202394e-05 2.021000439483139344e-08 1.153591111524576718e-16
9.591330947992043887e-02 -1.398469892719265972e-02 3.395425674902058377e-05 1.551600013402487654e-08 1.082033768140533425e-16
9.337756804235664010e-02 -1.416413261159053111e-02 3.210644081374017245e-05 1.498269927568962601e-08 1.114559833315098558e-16
9.088073830730444835e-02 -1.433245367606820683e-02 3.036719253622643944e-05 8.414261547934343000e-09 1.079865363795562416e-16
8.841005420066676279e-02 -1.449120251366446677e-02 2.861707684864017720e-05 9.415391908837444923e-09 1.118896642005040576e-16
8.601462854436926764e-02 -1.463914152268039684e-02 2.698166836738458141e-05 2.977332926642345390e-09 1.082033768140533425e-16
8.362557190387795436e-02 -1.477728385593019347e-02 2.538592482173238074e-05 -2.834949822203697289e-09 1.069023342070707372e-16
8.129958252738239688e-02 -1.490531597328254021e-02 2.382331972785103891e-05 -1.512191170893739667e-09 1.039749883413598752e-16
7.899946968877967490e-02 -1.502163428987800600e-02 2.238727822679795199e-05 -6.748032706400952652e-09 1.039749883413598752e-16
7.672026729333697448e-02 -1.512723596632411724e-02 2.095267395295710711e-05 -4.802476746574441124e-09 1.031076266033714717e-16
7.447979096111170816e-02 -1.522348125409351757e-02 1.965474490700155896e-05 -1.068999504628270758e-08 1.010476424756490132e-16
7.223822482768114950e-02 -1.531141293497136416e-02 1.832819490495650461e-05 -9.695274897150718552e-09 1.010476424756490132e-16
7.003792873405964570e-02 -1.539161462612433778e-02 1.710791328036510850e-05 -1.573216745895042457e-08 1.018065839963888664e-16
6.783301430637955765e-02 -1.546472630201058476e-02 1.587702062208658227e-05 -1.824720930127324281e-08 9.790345617544105039e-17
6.565899497401445073e-02 -1.553216126100714911e-02 1.466742449865096609e-05 -2.039029837379649490e-08 9.920449878242365571e-17
6.347964263216519798e-02 -1.559075816628377985e-02 1.348609402854888950e-05 -2.270455565960352584e-08 9.768661574094394950e-17
6.133530377227167790e-02 -1.564187405987595841e-02 1.236388943167548993e-05 -2.241543285231087368e-08 9.497611030973018842e-17
5.919381257885093783e-02 -1.568379236583436823e-02 1.128614709141467776e-05 -2.283715448952311489e-08 9.540979117872439019e-17
5.709417963441332233e-02 -1.571874246458072541e-02 1.027487351031031171e-05 -2.545697385444162242e-08 9.367506770274758310e-17
5.498974564619337618e-02 -1.574633973794418995e-02 9.264580358270269045e-06 -2.627361780048464990e-08 9.378348791999613354e-17
5.292347049725343311e-02 -1.576676606867284669e-02 8.326802599125521231e-06 -3.262781804371645000e-08 9.226560487851642733e-17
5.085602722242898999e-02 -1.578139790411569460e-02 7.335267144283064145e-06 -3.096755556587088565e-08 9.519295074422728931e-17
4.881794798353021603e-02 -1.579085004218135080e-02 6.474616348024070378e-06 -3.916097639699786526e-08 9.183192400952222556e-17
4.679072088435602683e-02 -1.579440118915404617e-02 5.529625669646945352e-06 -3.591349156733744663e-08 9.085614205428527157e-17
4.477495299015962771e-02 -1.579214380053461236e-02 4.670038267777856800e-06 -4.102768575917070670e-08 8.944667923005411581e-17
4.278210747838447070e-02 -1.578424096993249343e-02 3.789589052794958834e-06 -3.819783635184911819e-08 8.765774564545303349e-17
4.079490623304130731e-02 -1.576915497314254275e-02 2.932844993839417436e-06 -3.368752309875974738e-08 8.819984673169578571e-17
3.882861501713737867e-02 -1.575122852399001364e-02 2.202675223700496787e-06 -3.943448436674254487e-08 8.765774564545303349e-17
3.687365666678862897e-02 -1.572783913999250410e-02 1.414641082241041570e-06 -3.649710818547785562e-08 8.494724021423927240e-17
3.492463357437970012e-02 -1.569852264233682557e-02 6.603504020862363544e-07 -3.437564936349668532e-08 8.538092108323347418e-17
3.299987024329459340e-02 -1.566526422489071535e-02 2.926938841470161368e-09 -3.996263606251444778e-08 8.473039977974217152e-17
3.108933310718765830e-02 -1.562645838017246228e-02 -6.652326978474898400e-07 -4.073387474328934998e-08 8.334804200982315336e-17
2.918858561734408857e-02 -1.558286051936063829e-02 -1.317506861121028189e-06 -3.965879637429607640e-08 8.361909255294452947e-17
2.729933727295547063e-02 -1.553724416534440697e-02 -1.908083716334330049e-06 -4.170970215066661935e-08 8.248068027183474982e-17
2.542749685018394490e-02 -1.548655861508609240e-02 -2.520645283523442748e-06 -4.569635874947589049e-08 8.042069614411229139e-17
2.356193819924973232e-02 -1.543215254437402609e-02 -3.182933156479182679e-06 -4.388056848523419484e-08 8.216897214724516729e-17
2.170164760587288064e-02 -1.537437514761275624e-02 -3.820208961992973412e-06 -4.181818307087692421e-08 7.856399992373086505e-17
1.985823643030252758e-02 -1.531308305233303538e-02 -4.412986198594221615e-06 -4.419677109533670656e-08 7.677506633912978273e-17
1.802170121769190725e-02 -1.524932152715164149e-02 -4.948448880870469704e-06 -4.333957470507854293e-08 7.935004649878285576e-17
1.619455669933159842e-02 -1.518177112580766999e-02 -5.482230853626700838e-06 -4.371129923644301307e-08 7.689703908353440198e-17
1.437978301775976429e-02 -1.511083958104415120e-02 -6.058614044801620565e-06 -4.242796397861074015e-08 7.721382940580751031e-17
1.257595054329664619e-02 -1.503740597570544374e-02 -6.603476823944468693e-06 -4.279935971807698886e-08 7.630072788866737454e-17
1.078517001199094140e-02 -1.496031099139774438e-02 -7.039493397265885952e-06 -4.246334430575097324e-08 7.462021452131484267e-17
8.993930227553717863e-03 -1.488042305773725621e-02 -7.424336747848588741e-06 -4.246459218016761933e-08 7.460666199415877387e-17
7.216991205058215925e-03 -1.479777423381175259e-02 -7.840652435895300795e-06 -4.856894896714588489e-08 7.372574772901430151e-17
5.456040323612436002e-03 -1.471194405762489901e-02 -8.315020989525714196e-06 -5.514223718903945443e-08 7.188260403578894397e-17
3.707610268359716466e-03 -1.462247869651160312e-02 -8.753442337188811762e-06 -5.119867643434356311e-08 7.353601234882933824e-17
1.974531339911000244e-03 -1.452803567577598196e-02 -9.125059706557425016e-06 -4.133655758821724174e-08 7.128629284092191654e-17
2.476885454758583072e-04 -1.443153745001496922e-02 -9.458701238511217635e-06 -2.868364645862387860e-08 7.074419175467916432e-17
-1.468103470766526138e-03 -1.433102672482941195e-02 -9.759279262219061613e-06 -1.747093676446234006e-08 6.922630871319945811e-17
-3.182879461906945422e-03 -1.422901537528890523e-02 -1.009706590428694623e-05 -1.279251438696007818e-08 6.857578740970815545e-17
-4.891793719733587148e-03 -1.412400054833608601e-02 -1.053310167946699960e-05 -1.539370897399761247e-08 6.852157730108388023e-17
-6.584899547891956591e-03 -1.401747693567496553e-02 -1.104305098376633099e-05 -2.031533647833409827e-08 6.830473686658677934e-17
-8.274589594015266392e-03 -1.391106398457144649e-02 -1.154219287605867672e-05 -2.409501258091766365e-08 6.727474480272555013e-17
-9.961079932378149801e-03 -1.380529534558821818e-02 -1.199794392747755012e-05 -3.250444573655447700e-08 6.711211447685272447e-17
-1.164543744511653198e-02 -1.369977878258369329e-02 -1.249907929351708191e-05 -4.704441208152384396e-08 6.727474480272555013e-17
-1.333424862910053896e-02 -1.359680237046986817e-02 -1.310806737168414282e-05 -7.071499859572123736e-08 6.445581915426323860e-17
-1.501727180738337414e-02 -1.349488539910627741e-02 -1.372156529535865921e-05 -9.314140996614841267e-08 6.326319676452918372e-17
-1.669689359086314745e-02 -1.339397784896442269e-02 -1.428200528538672159e-05 -1.025426053607417405e-07 6.326319676452918372e-17
-1.838018468439882661e-02 -1.329496942577291022e-02 -1.474594695470912709e-05 -9.064435717087227298e-08 6.190794404892230318e-17
-2.006129421566564888e-02 -1.319524607964052236e-02 -1.506551342819566208e-05 -6.432333462505664123e-08 6.179952383167375274e-17
-2.175248795522342210e-02 -1.309442630723297793e-02 -1.527358049143584529e-05 -3.267354404580275623e-08 6.136584296267955096e-17
-2.344397671177177872e-02 -1.299173485988919241e-02 -1.549064756465982906e-05 -6.934591438838982880e-09 6.147426317992810141e-17
-2.513422793773175540e-02 -1.288734717015268399e-02 -1.572234452155464590e-05 1.179729508667907295e-08 5.887217796596289077e-17
-2.681794547457179781e-02 -1.277964083940351554e-02 -1.600158568033742401e-05 2.601912813199672159e-08 6.028164079019404653e-17
-2.848810896718383112e-02 -1.266842629103234752e-02 -1.631177137916516029e-05 3.434234070861727495e-08 5.898059818321144121e-17
-3.014365947633686205e-02 -1.255367680904590118e-02 -1.664716145642966549e-05 3.257693545022193049e-08 5.833007687972013855e-17
-3.176800265187022104e-02 -1.243377236637462427e-02 -1.699212247469050752e-05 2.545228793373634224e-08 5.659535340374333146e-17
-3.337237750299708317e-02 -1.231038490925128945e-02 -1.737974226325919580e-05 1.212225673096964385e-08 5.692061405548898279e-17
-3.495650911843956044e-02 -1.218155596840416084e-02 -1.780822550260900694e-05 -1.381828741275209493e-08 5.280064580004406594e-17
-3.651542114192921074e-02 -1.204694866226852998e-02 -1.823567024975512874e-05 -4.433515354059641700e-08 5.290906601729261638e-17
-3.806566717007379280e-02 -1.190883028958127782e-02 -1.868410534977028858e-05 -6.840141483256678701e-08 5.345116710353536860e-17
-3.959893448556044832e-02 -1.176632494618501390e-02 -1.914292825479224636e-05 -8.495968099701822762e-08 5.377642775528101993e-17
-4.111254097850060296e-02 -1.161969830951296856e-02 -1.954102804306925845e-05 -8.909183693301542251e-08 5.149960319306146062e-17
-4.261398776745854711e-02 -1.147101447673939262e-02 -1.983550746635816264e-05 -9.099230696913221395e-08 5.139118297581291017e-17
-4.408752844125202186e-02 -1.131840451818197021e-02 -1.988979012856363637e-05 -7.815070196472324870e-08 5.171644362755856150e-17
-4.554687519618598468e-02 -1.116489873184528178e-02 -1.986681861635558599e-05 -5.543072993858567943e-08 5.019856058607885529e-17
-4.697757286368031693e-02 -1.100820402012646186e-02 -1.978595555422735242e-05 -2.934391375155817605e-08 5.193328406205566239e-17
-4.838877192730726973e-02 -1.084709520381929061e-02 -1.969751513062993620e-05 -1.043633161314228008e-08 4.737963493761654377e-17
-4.978291043963076201e-02 -1.068359020434095363e-02 -1.959891997377859185e-05 5.450326427377041871e-09 5.041540102057595618e-17
-5.116610380083917720e-02 -1.051708620802199387e-02 -1.952693133161140238e-05 1.647606797457353001e-08 4.759647537211364465e-17
-5.253994638035492520e-02 -1.034870289570596208e-02 -1.949956760398732780e-05 3.306140190046866212e-08 4.597017211338538800e-17
-5.389620538553460682e-02 -1.017480117651342608e-02 -1.946433324622257044e-05 4.312908267458878675e-08 4.629543276513103933e-17
-5.524473426535096710e-02 -9.996568504881793438e-03 -1.939191350154231830e-05 4.711306385426702881e-08 4.737963493761654377e-17
-5.658423841774604113e-02 -9.816567236703481469e-03 -1.927103570478413963e-05 5.134731152290142320e-08 4.597017211338538800e-17
-5.790860046295430441e-02 -9.632120728184003638e-03 -1.910523705235533942e-05 5.282300071136891706e-08 4.597017211338538800e-17
-5.922252401588772031e-02 -9.445582343140685247e-03 -1.893772243726291049e-05 4.612749367194357575e-08 4.575333167888828712e-17
-6.052934976732434608e-02 -9.255311233908204011e-03 -1.887892892681042323e-05 3.928554137382078704e-08 4.336808689942017736e-17
-6.183412609657629178e-02 -9.057990025677177537e-03 -1.895748751438997015e-05 3.959568349760911321e-08 4.445228907190568179e-17
-6.312970905652970366e-02 -8.856810391859632967e-03 -1.910329270513391742e-05 4.256882792834718043e-08 4.597017211338538800e-17
-6.440848562623857632e-02 -8.650371474759919327e-03 -1.916392257432855684e-05 3.883427762783192572e-08 4.293440603042597559e-17
-6.567406274384904319e-02 -8.441155793381921457e-03 -1.905948781767349831e-05 3.974731336642625679e-08 3.903127820947815962e-17
-6.692499756740015460e-02 -8.229377350248643849e-03 -1.880498111520717552e-05 5.008274896059830561e-08 3.968179951296946228e-17
-6.816144501496904096e-02 -8.013939428301534301e-03 -1.849607602409999996e-05 6.361792869325616495e-08 4.076600168545496672e-17
-6.939479404312208499e-02 -7.796809383199010748e-03 -1.819642132619425645e-05 7.348315952081241331e-08 3.924811864397526051e-17
-7.061829236481081962e-02 -7.575651053355090397e-03 -1.794239754468462955e-05 8.518744028023980674e-08 3.816391647148975608e-17
-7.183075279741893415e-02 -7.352405087390396360e-03 -1.767694037621558856e-05 9.122001656336822806e-08 3.903127820947815962e-17
-7.304199631529012526e-02 -7.127631720378120594e-03 -1.739255888578983278e-05 9.437058768810291376e-08 4.250072516143177381e-17
-7.424747937620865268e-02 -6.899193423520705998e-03 -1.709897629142628772e-05 1.094488918424070534e-07 3.664603343001004987e-17
-7.545169576434335168e-02 -6.668451901386113906e-03 -1.680828758925806410e-05 1.220637439675389957e-07 3.512815038853034366e-17
-7.666312324230493969e-02 -6.436240633091821345e-03 -1.658258482784696897e-05 1.295723243391506962e-07 3.534499082302744455e-17
-7.788277602554960488e-02 -6.203948908770080817e-03 -1.638724150346271280e-05 1.400115652431567492e-07 3.751339516799845342e-17
-7.910981895725843760e-02 -5.970893404835933560e-03 -1.611877290981500455e-05 1.535567893079341217e-07 3.881443777498105874e-17
-8.033726705262914103e-02 -5.738082597324424550e-03 -1.577644444572187665e-05 1.653339906345155375e-07 3.599551212651874721e-17
-8.156295226320120495e-02 -5.505610381819365379e-03 -1.541756141735378671e-05 1.706386225912986943e-07 3.426078865054194011e-17
-8.279528481239555038e-02 -5.273224221950104096e-03 -1.512479451949017006e-05 1.690671628980233709e-07 3.079134169858832593e-17
-8.403150430148023653e-02 -5.038782355076355801e-03 -1.501898990622155261e-05 1.653505079086091401e-07 3.838075690598685696e-17
-8.526714528722531550e-02 -4.801456352454935850e-03 -1.496724461798673578e-05 1.610766855808867803e-07 2.862293735361731706e-17
-8.648404610855373043e-02 -4.559038216537494165e-03 -1.484631132035035828e-05 1.509444880498124475e-07 3.209238430557093125e-17
-8.767568893303857858e-02 -4.313043340801500647e-03 -1.463148589220947260e-05 1.424593605268975605e-07 3.512815038853034366e-17
-8.882169459794783672e-02 -4.063131454929421599e-03 -1.442568856965115165e-05 1.391305002019192771e-07 3.144186300207962859e-17
-8.991875861288428640e-02 -3.807057184096983293e-03 -1.418270659435741377e-05 1.319274518783199179e-07 2.862293735361731706e-17
-9.097244728410269765e-02 -3.545693592692102797e-03 -1.396083445740284312e-05 1.213837019860448951e-07 2.927345865710861972e-17
-9.197170028125506436e-02 -3.278573853164094831e-03 -1.374254198692470563e-05 1.067641517533100826e-07 3.035766082959412415e-17
-9.292109215127983268e-02 -3.006241746526194802e-03 -1.353701384248021111e-05 9.934096180516313601e-08 3.014082039509702327e-17
-9.382119417597678535e-02 -2.727037242606620421e-03 -1.326649092947204678e-05 8.775869026313512511e-08 2.667137344314340908e-17
-9.468243057865302625e-02 -2.443032050302291341e-03 -1.282053037621883052e-05 7.299868124820835247e-08 3.057450126409122504e-17
-9.550450715106756361e-02 -2.155117968318159827e-03 -1.218360937421322787e-05 6.821705222231910781e-08 2.883977778811441794e-17
-9.627712551473949221e-02 -1.862615005004734231e-03 -1.143656998264103164e-05 6.876917515215991150e-08 2.970713952610282149e-17
-9.702798015485397665e-02 -1.568339177885978708e-03 -1.062377875634540336e-05 6.275512745741729237e-08 2.753873518113181262e-17
-9.776619901754379782e-02 -1.271072047442922681e-03 -9.981881259852470878e-06 6.897257534381473487e-08 2.580401170515500553e-17
-9.846815714588386115e-02 -9.687162441430127724e-04 -9.292712247900569711e-06 8.053674229336477142e-08 2.645453300864630819e-17
-9.914240077027697273e-02 -6.604978286320131731e-04 -8.520713673763891105e-06 8.486128782580343310e-08 2.949029909160572061e-17
-9.979714251219795607e-02 -3.467482363520464628e-04 -7.639622823046865463e-06 8.635131505240617455e-08 2.927345865710861972e-17
-1.004208593389138704e-01 -2.999112740526693743e-05 -6.801949654529348965e-06 8.587012218039952183e-08 2.949029909160572061e-17
-1.010311946474256317e-01 2.896758941295859979e-04 -5.972130542923614893e-06 8.422417791063147030e-08 2.602085213965210642e-17
-1.016161203800288598e-01 6.132223067429297403e-04 -5.388422154001260012e-06 8.025159615922955458e-08 2.732189474663471174e-17
-1.021600950823065568e-01 9.387738046588815777e-04 -4.855636151920861288e-06 6.615114872543514934e-08 2.688821387764050996e-17
-1.026852671406836837e-01 1.267004274027559718e-03 -4.223977027106168292e-06 5.091338639920395259e-08 2.732189474663471174e-17
-1.031793567134991763e-01 1.598519165316687057e-03 -3.512822754892647170e-06 4.394316699841277485e-08 2.081668171172168513e-17
-1.036316742832738835e-01 1.933735204043704470e-03 -2.818543205655721362e-06 4.107768309183357225e-08 2.732189474663471174e-17
-1.040440738165373247e-01 2.274924801404499403e-03 -2.134566057548914486e-06 2.912728012862547677e-08 2.558717127065790464e-17
-1.044186951548096570e-01 2.621673854082053057e-03 -1.367487147286433613e-06 1.546829938355726020e-08 2.341876692568689577e-17
-1.047496661083140435e-01 2.971978386092241631e-03 -6.184623246516252060e-07 2.274364272435158707e-09 2.580401170515500553e-17
-1.050506173764421680e-01 3.323833458486677439e-03 1.924367440016283570e-07 -1.831408411728796537e-08 2.320192649118979489e-17
-1.053009761129999333e-01 3.676948382445446167e-03 1.116229231695048396e-06 -3.374088386291773656e-08 2.667137344314340908e-17
-1.055036825642540199e-01 4.034127178440476136e-03 2.042416553604819995e-06 -4.972016727326777907e-08 1.994931997373328159e-17
-1.056522889481317506e-01 4.390722260927484161e-03 2.993174702172612944e-06 -6.958613456720802448e-08 2.363560736018399666e-17
-1.057408177432371810e-01 4.745774527237872631e-03 4.105146861933112179e-06 -8.075889230269028829e-08 2.406928822917819843e-17
-1.057674787069241007e-01 5.098917754674928138e-03 5.014653451995004785e-06 -8.047002298273292498e-08 2.298508605669269400e-17
-1.057569492487560325e-01 5.448702392406547940e-03 5.904896243278529022e-06 -8.058956377579584718e-08 2.059984127722458425e-17
-1.057135220542298748e-01 5.797853595518490805e-03 6.765267185196432997e-06 -6.782562615888221291e-08 2.688821387764050996e-17
-1.056024569523309753e-01 6.145633020118078382e-03 7.618731994268185259e-06 -4.092470567724354469e-08 2.081668171172168513e-17
-1.054490470944947911e-01 6.489954984730747500e-03 8.572924058734138208e-06 -2.573148496099603166e-08 2.471980953266950110e-17
-1.052459505838771875e-01 6.832867457690360719e-03 9.345341046414212816e-06 -3.498020525929262936e-08 2.190088388420718957e-17
-1.049851429966777994e-01 7.171767865878590081e-03 9.924834785218078492e-06 -4.337371460952366142e-08 2.363560736018399666e-17
-1.046527653443073691e-01 7.508427502561865197e-03 1.051497806087847708e-05 -3.885502755911901529e-08 2.320192649118979489e-17
-1.042613148739827411e-01 7.842347595325822873e-03 1.108046460262038235e-05 -2.990880333848811024e-08 2.341876692568689577e-17
-1.038022747938768531e-01 8.173495594005431020e-03 1.116032928422452941e-05 -4.403907233069964677e-08 2.949029909160572061e-17
-1.032753159101033880e-01 8.504165268391747357e-03 1.127740063044946339e-05 -5.527451371698660632e-08 2.710505431213761085e-17
-1.027077135001646935e-01 8.835388377743679661e-03 1.129872257871547547e-05 -4.296503192720985131e-08 2.840609691912021617e-17
-1.020633755056774838e-01 9.165253197470146079e-03 1.139960092440273076e-05 -1.428001502202375095e-08 2.602085213965210642e-17
-1.013359543371889909e-01 9.500569954078014884e-03 1.135020018948329490e-05 2.302080969168035507e-08 2.797241605012601440e-17
-1.005624808707788753e-01 9.837666028574193477e-03 1.137103739249842316e-05 5.053271882882182098e-08 2.645453300864630819e-17
-9.969061279368610085e-02 1.018044711631859237e-02 1.128284461140993677e-05 6.696322250952096988e-08 2.667137344314340908e-17
-9.878945191508486934e-02 1.052266061703581446e-02 1.133540323199414002e-05 6.713668293436420020e-08 2.797241605012601440e-17
-9.782482127965183571e-02 1.086528230944920972e-02 1.153341897866880239e-05 6.290125514809424834e-08 2.688821387764050996e-17
-9.678863075626116530e-02 1.120924942852645143e-02 1.212958679397066475e-05 7.148682930162297833e-08 2.688821387764050996e-17
-9.569407758939846298e-02 1.154787806707343809e-02 1.272328843466771775e-05 8.303645812699628204e-08 2.883977778811441794e-17
-9.449871665924003405e-02 1.188576691729142584e-02 1.345145449671222848e-05 1.028785486592576071e-07 2.905661822261151883e-17
-9.323746635593291310e-02 1.222143869146919554e-02 1.452354161360705498e-05 1.341431459279951444e-07 2.753873518113181262e-17
-9.188327208200822160e-02 1.255584322915750256e-02 1.525639168675069213e-05 1.836402839724970981e-07 2.710505431213761085e-17
-9.045902555216667196e-02 1.288984520493221056e-02 1.597447249511094181e-05 2.300215192060570124e-07 2.623769257414920730e-17
-8.902822115691266802e-02 1.321577532408515013e-02 1.641733451343205252e-05 2.750425721984722793e-07 2.883977778811441794e-17
-8.754430660512978191e-02 1.354091875806713585e-02 1.673137115594178215e-05 3.197343767368659995e-07 2.970713952610282149e-17
-8.608188390398827106e-02 1.385441758442772578e-02 1.682905854950150770e-05 3.238562263363498062e-07 3.014082039509702327e-17
-8.467788654504102008e-02 1.414835039519966864e-02 1.629345069033283355e-05 2.892179243865408700e-07 2.992397996059992238e-17
-8.329992323990387249e-02 1.442959102028402996e-02 1.565459238978342271e-05 2.607241689107919758e-07 3.339342691255353657e-17
-8.199587363099164472e-02 1.468616818423754480e-02 1.468944323105778049e-05 2.237524889723251087e-07 3.057450126409122504e-17
-8.075755222774010089e-02 1.491978659833734233e-02 1.354510169983627610e-05 1.748603027716504055e-07 3.469446951953614189e-17
-7.962892247848954441e-02 1.512214791219761503e-02 1.165233077540794859e-05 1.006333711535412068e-07 3.230922474006803213e-17
-7.855163412870021233e-02 1.530433697882153596e-02 9.649743939132982007e-06 9.525878736423715187e-09 3.642919299551294898e-17
-7.729088297338643221e-02 1.549871806947144409e-02 7.805379384214633509e-06 -6.318076416255216654e-08 3.512815038853034366e-17
-7.577134042891404964e-02 1.571054359935827871e-02 6.588379259320209513e-06 -1.197287108883199336e-07 3.924811864397526051e-17
-7.391633822443904878e-02 1.595059525459119679e-02 5.313668347396369174e-06 -1.510104753392298160e-07 3.686287386450715076e-17
-7.179388336142288052e-02 1.620834566060845583e-02 4.209820294212573977e-06 -1.610724371411791089e-07 3.415236843329338967e-17
-6.944072145253314676e-02 1.647099768234715211e-02 3.182478388891879506e-06 -2.015900864285255500e-07 4.336808689942017736e-17
-6.679793413843514160e-02 1.674872505351151369e-02 2.635049695640795386e-06 -2.616165360241548554e-07 3.697129408175570120e-17
-6.398428568681707729e-02 1.702616323736180770e-02 2.551239145075212544e-06 -3.307554537921794657e-07 4.195862407518902160e-17
-6.100960661240972110e-02 1.730574662644452505e-02 2.934401189600213677e-06 -3.638108166531539567e-07 4.369334755116582869e-17
-5.788795137018964976e-02 1.758498979009173041e-02 3.771520997718560975e-06 -3.687596775471535526e-07 4.792173602385929598e-17
-5.464701607696390712e-02 1.785708387323617016e-02 4.763046974443074788e-06 -3.656490009463012059e-07 4.803015624110784643e-17
-5.124482294992815934e-02 1.813268289893783108e-02 6.405329141503240953e-06 -3.387952489971972347e-07 4.960224939121182786e-17
-4.769053139069980018e-02 1.840110396108549096e-02 8.478960656905717985e-06 -3.267538809187744975e-07 5.106592232406725884e-17
-4.399808870582724157e-02 1.866725375197086229e-02 1.052492061737447110e-05 -2.976265992553524253e-07 5.225854471380131372e-17
-4.017003468024324397e-02 1.893310314015039103e-02 1.292809455852046013e-05 -2.816887255193030459e-07 5.187907395343138717e-17
-3.625477280345940773e-02 1.918904768813643399e-02 1.511845922027698491e-05 -2.489795127807829800e-07 5.491484003639079958e-17
-3.220655307308256665e-02 1.944351921340346095e-02 1.716012229979139297e-05 -1.914255756529231745e-07 5.507747036226362525e-17
-2.803031146580364091e-02 1.968399412853539046e-02 1.923743778830958387e-05 -1.874296823593715050e-07 5.906191334614785404e-17
-2.372566289414555774e-02 1.991883179686384023e-02 2.070146374146724158e-05 -1.855211000138193983e-07 5.912967598192819807e-17
-1.924614558645727086e-02 2.015533343063954930e-02 2.197242396950281477e-05 -1.674895251666322360e-07 6.116933131891655329e-17
-1.469529165359976727e-02 2.037700163319248678e-02 2.287539519174467198e-05 -1.543923646557792545e-07 6.468621211591640829e-17
-9.994241742631656752e-03 2.059084775269092588e-02 2.384717392481814149e-05 -1.579262890286396367e-07 6.348003719902628461e-17
-5.177144687671307761e-03 2.078782553802661914e-02 2.417027223889766513e-05 -1.540956752184383799e-07 6.933472893044800855e-17
-2.821526335678456801e-04 2.097292334904598404e-02 2.428448921778982722e-05 -1.899333678328867479e-07 6.694948415097989880e-17
4.764674610347950992e-03 2.115709190056699537e-02 2.406052612192403212e-05 -2.193734766486204503e-07 7.318364664277154930e-17
9.855260924414145293e-03 2.131910657432179584e-02 2.345712647388708411e-05 -2.276830045792207461e-07 7.307522642552299885e-17
1.513018217236647769e-02 2.147040200546998512e-02 2.239323067210023666e-05 -1.963199624460199369e-07 7.524363077049400772e-17
2.051495574120464072e-02 2.161499662520038195e-02 2.132893776309388589e-05 -1.858760184595808357e-07 7.860465750519907147e-17
2.600509403591022908e-02 2.174140528851268780e-02 2.024294549042918168e-05 -2.030827004272876130e-07 8.131516293641283255e-17
3.160001261186654725e-02 2.185703565959403599e-02 1.919787226847130546e-05 -1.910170802447421975e-07 8.164042358815848388e-17
3.719149054886317779e-02 2.193371598429220623e-02 1.800068274457680695e-05 -1.581631475873392784e-07 8.467618967111789630e-17
4.283434419407145671e-02 2.199386058536918417e-02 1.623585421692969044e-05 -9.535937727780594009e-08 8.814563662307151048e-17
4.861934026668460196e-02 2.204227773413456118e-02 1.465664562284862971e-05 -1.085854329575027671e-07 9.063930161978817068e-17
5.445649460343718329e-02 2.206405773689556690e-02 1.265250106568041599e-05 -1.348829500378949386e-07 9.432558900623888576e-17
6.046165256784397785e-02 2.207780186807485612e-02 1.088195507294859032e-05 -1.654364454642918980e-07 9.606031248221569285e-17
6.650363502515305170e-02 2.206810911353989518e-02 9.321282476576486786e-06 -2.086926368855858416e-07 9.822871682718670172e-17
7.263087141754745457e-02 2.204257699554788841e-02 8.438498807758487708e-06 -3.012787227110041988e-07 1.016981637791403159e-16
7.883949476186259686e-02 2.199645169864008348e-02 7.453073634838824901e-06 -3.256527912188882101e-07 1.032160468206200221e-16
8.495831971218212320e-02 2.191923375475697544e-02 6.651045999110649642e-06 -2.933643188166024096e-07 1.082033768140533425e-16
9.123622631797423388e-02 2.183429712433898606e-02 5.795228155077575272e-06 -2.791292830761626931e-07 1.099381002900301496e-16
9.751825272965788938e-02 2.171506626374811871e-02 3.777756425054484835e-06 -2.113192667132883507e-07 1.131907068074866629e-16
1.038731617118010125e-01 2.156834635830011393e-02 2.001049523414621945e-06 -1.261497039107585538e-07 1.142749089799721673e-16
1.103347209126633588e-01 2.140096688140811360e-02 9.313568286664630769e-07 -1.068702960068529384e-07 1.147085898489663691e-16
1.167312330221991212e-01 2.119138651337799245e-02 1.881816795168411716e-07 -2.551953912337950880e-08 1.209969624493822948e-16
1.231434684046691652e-01 2.096564084861236507e-02 -1.021104802587102789e-07 9.771974357215135187e-08 1.249000902703301108e-16
1.294982752495527079e-01 2.070537282003028987e-02 -1.338503974282478914e-06 2.691926654059886848e-07 1.231653667943533037e-16
1.356719365095884200e-01 2.039750913632933788e-02 -3.679798574157677749e-06 4.354490743246203222e-07 1.288032180912779268e-16
1.418488779629150098e-01 2.005604031396807790e-02 -6.184013895876860900e-06 5.921198903222762988e-07 1.262011328773127161e-16
1.477547951796703285e-01 1.964345117063005103e-02 -8.691793451809370907e-06 6.582124749496959248e-07 1.253337711393243126e-16
1.536618779357608877e-01 1.920622378077987275e-02 -1.205236313196744735e-05 7.644082918823943973e-07 1.370431546021677605e-16
1.593586700981414195e-01 1.873129079792049123e-02 -1.598777762977510175e-05 8.006850349736444050e-07 1.322726650432315409e-16
1.647845232867158338e-01 1.819243409080522483e-02 -2.117231173507511111e-05 9.097106566016005536e-07 1.396452398161329711e-16
1.699531278265943302e-01 1.761628870778651074e-02 -2.734153471005418279e-05 1.004357818629522670e-06 1.426810058990923835e-16
1.747020475596357814e-01 1.696131306698149543e-02 -3.389350112682071314e-05 1.039030206295352143e-06 1.483188571960170066e-16
1.791175122821138110e-01 1.623039580041902435e-02 -3.999285000132885015e-05 9.064687895611600599e-07 1.426810058990923835e-16
1.833945117630022548e-01 1.545390724546468614e-02 -4.694291403608413793e-05 7.635971491157245161e-07 1.452830911130575942e-16
1.872887319140735807e-01 1.462178392790228210e-02 -5.304098991693734222e-05 5.810360445513904071e-07 1.517883041479706208e-16
1.910118663856367749e-01 1.378838003620835168e-02 -5.896042914468879736e-05 4.225070589685200884e-07 1.483188571960170066e-16
1.944333089673746795e-01 1.294558116104591733e-02 -6.377719079344451591e-05 2.129606220856519738e-07 1.561251128379126385e-16
1.978181633840790932e-01 1.209608904728209922e-02 -6.903374851217891628e-05 3.145657276326652152e-09 1.556914319689184367e-16
2.010802096507476877e-01 1.119241684184142660e-02 -7.318282539407749976e-05 -1.972591307710519493e-07 1.613292832658430598e-16
2.039059867745503796e-01 1.017793566112170506e-02 -7.323361547820206319e-05 -3.288215866120713926e-07 1.626303258728256651e-16
2.063461539612780893e-01 9.119319855583354895e-03 -7.253184664617051691e-05 -4.395213668607900193e-07 1.565587937069068403e-16
2.081352688257490091e-01 7.972008073365961789e-03 -7.051578018734544484e-05 -5.774911474680510803e-07 1.617629641348372616e-16
2.085600042325300718e-01 6.654324469730354963e-03 -6.650921147975663583e-05 -7.735826486297836535e-07 1.639313684798082704e-16
2.083362100867486300e-01 5.261947623214698055e-03 -5.941933994364767546e-05 -8.754182844010471864e-07 1.643650493488024722e-16
2.073036362470244698e-01 3.803988625327561768e-03 -4.796425804030890472e-05 -8.467210057261365108e-07 1.621966450038314633e-16
2.043576197242122638e-01 2.127186997515809197e-03 -3.153626681730997694e-05 -7.137350461067226703e-07 1.561251128379126385e-16
1.819638760358488760e-01 -2.243202371202769607e-03 -2.228572894024533069e-05 -6.270189921589799931e-07 1.504872615409880154e-16
1.717957844627648334e-01 -4.752248287009819272e-03 1.773496075530012206e-05 -5.873467300507306810e-07 1.457167719820517959e-16
1.613728030577336603e-01 -7.082313638076202789e-03 9.053826192728653410e-05 1.627970831899819282e-07 1.370431546021677605e-16
