7.884288746997500374e-02 -1.548899163390804641e-02 2.968344669298725313e-05 5.344322890222380495e-08 4.336808689942017736e-17
7.135422401148248939e-02 -1.646685460734879231e-02 2.604127663571528806e-05 4.285350014860550560e-08 3.989863994746656317e-17
6.622336774769801981e-02 -1.709920738459312986e-02 2.359424630055464989e-05 3.587438023727740344e-08 3.903127820947815962e-17
6.210539494412007505e-02 -1.756703157314120148e-02 2.168576872027538904e-05 3.027964738840094316e-08 4.098284211995206761e-17
5.863214098333609237e-02 -1.793370871448957821e-02 2.011450366285263969e-05 2.560314525884913039e-08 4.098284211995206761e-17
5.552881458285881949e-02 -1.822916532685766797e-02 1.870701061235449658e-05 2.450885907027619548e-08 3.989863994746656317e-17
5.280607424784651560e-02 -1.848329643175202278e-02 1.751632130352412386e-05 2.074477649252962075e-08 4.141652298894626938e-17
5.026727434748232831e-02 -1.868847170032147259e-02 1.645321466463636750e-05 1.703461475349721255e-08 4.250072516143177381e-17
4.787374341118115495e-02 -1.886318691935198050e-02 1.547806179992908260e-05 1.345195724863218478e-08 4.054916125095786583e-17
4.564423115071786913e-02 -1.900581257736844165e-02 1.452819721021840482e-05 1.411704380564066108e-08 4.163336342344337027e-17
4.353788786244735393e-02 -1.913052695953350660e-02 1.370523705888394839e-05 1.097045262835397161e-08 3.838075690598685696e-17
4.150441438485207024e-02 -1.923164358053609108e-02 1.293938188653281918e-05 7.801709609508294951e-09 4.271756559592887470e-17
3.954099943882158352e-02 -1.931199263429598731e-02 1.216288568338733111e-05 8.230746292425122901e-09 3.989863994746656317e-17
3.767601732857937813e-02 -1.937275293044405863e-02 1.150855518905133379e-05 5.179721550112315054e-09 4.260914537868032426e-17
3.587084854458375688e-02 -1.940985472958884836e-02 1.090655201537414631e-05 2.108928191368181215e-09 4.119968255444916849e-17
3.414326543481775028e-02 -1.943257141659717954e-02 1.028709036012508127e-05 2.965598681990005980e-09 4.152494320619481982e-17
3.246780264324156812e-02 -1.944276069618323943e-02 9.759468091728382144e-06 8.775346109490822499e-10 4.195862407518902160e-17
3.082480662320134443e-02 -1.944589305403392199e-02 9.196722646435256943e-06 1.883117804919731686e-09 4.130810277169771894e-17
2.923816266516076137e-02 -1.945011781872622858e-02 8.702788996872365401e-06 -8.117349470544710233e-10 4.239230494418322337e-17
2.766783518400448005e-02 -1.944930435148062645e-02 8.214369839545584973e-06 -3.271379821548348055e-09 4.109126233720061805e-17
2.611931617548910595e-02 -1.945021322524083038e-02 7.694862947304689782e-06 -3.149432920186712170e-09 4.250072516143177381e-17
2.457203935482302204e-02 -1.944939505128922760e-02 7.222368094614989298e-06 -5.512499693695327441e-09 4.130810277169771894e-17
2.302829140886569065e-02 -1.944814278743093108e-02 6.709332262546177650e-06 -4.992808889849736920e-09 4.147073309757054460e-17
2.149012282550705200e-02 -1.944693256201735984e-02 6.247709781959792652e-06 -6.529352447820838123e-09 4.206704429243757204e-17
1.996464718567950158e-02 -1.944190659756356646e-02 5.752067178556481697e-06 -5.833597411771321295e-09 4.044074103370931539e-17
1.847201919448887564e-02 -1.943205362342747752e-02 5.309753518962286728e-06 -8.029568552376728507e-09 4.130810277169771894e-17
1.700215348938241208e-02 -1.941376364554382727e-02 4.855590994303632391e-06 -8.364884697669577873e-09 4.147073309757054460e-17
1.555845401671315451e-02 -1.938987387818722624e-02 4.457024173973398590e-06 -9.388779857733009493e-09 4.147073309757054460e-17
1.411972593751864222e-02 -1.935787131866735164e-02 4.042373188532268069e-06 -9.255296375869706549e-09 4.144362804325840699e-17
1.270079685815861045e-02 -1.931929626320093296e-02 3.669492936395025648e-06 -9.444295230847526978e-09 4.141652298894626938e-17
1.127768257212323662e-02 -1.927349812383485905e-02 3.272488326273425424e-06 -8.693430899849377558e-09 4.060337135958214105e-17
9.871560690627055254e-03 -1.922332198473259215e-02 2.915805784704295946e-06 -1.003889424648803097e-08 4.213480692821791607e-17
8.462203467719061137e-03 -1.916760988459668621e-02 2.511796071077251172e-06 -9.915128049977836588e-09 4.138941793463413177e-17
7.076221027659055328e-03 -1.910755529155281490e-02 2.158837200525311022e-06 -1.299233737435401270e-08 4.114208431403587607e-17
5.692484189110690908e-03 -1.903958529876410150e-02 1.732481317527016090e-06 -1.326609501916230227e-08 4.162150496218181006e-17
4.341300407203362369e-03 -1.896640781179879595e-02 1.412840185004149429e-06 -1.752899436767516722e-08 4.035264960719486815e-17
3.002211336168407636e-03 -1.888434783077503482e-02 9.995170904102124165e-07 -1.639486746308951165e-08 4.217546450968612248e-17
1.689369351229523791e-03 -1.879510864836354475e-02 7.085206850201454520e-07 -2.009352177484088897e-08 4.180954627647226474e-17
3.973326858407026131e-04 -1.869862565663290427e-02 3.247042086804152738e-07 -1.781104423345149235e-08 4.138941793463413177e-17
-8.831588952357164943e-04 -1.859253540689299877e-02 -1.089073718230429422e-08 -1.823524186164715566e-08 4.182309880362833354e-17
-2.133068625956994688e-03 -1.848114595220136727e-02 -2.754253497321001998e-07 -1.764208591931507031e-08 4.092863201132779238e-17
-3.372074599151897445e-03 -1.836238497841998982e-02 -5.889723904192040171e-07 -1.410185696270075881e-08 4.103705222857634283e-17
-4.597092286616566957e-03 -1.823489114239748923e-02 -8.118409910674515007e-07 -1.501216187254836298e-08 4.228388472693467293e-17
-5.801809916900977672e-03 -1.809950236483607797e-02 -1.019603327738136112e-06 -1.532282020873503708e-08 4.190441396656474637e-17
-6.997940392221750974e-03 -1.795597340486940890e-02 -1.259725275338033357e-06 -1.503835949870227853e-08 4.065758146820641628e-17
-8.184818635205974580e-03 -1.780427646443973055e-02 -1.464000741407435469e-06 -1.769649679990133520e-08 4.065758146820641628e-17
-9.355013810660828960e-03 -1.764119699242062966e-02 -1.634977966786903270e-06 -2.050571829803854267e-08 4.179599374931619593e-17
-1.052069149503812029e-02 -1.746928285081650670e-02 -1.849824257405333072e-06 -2.125048003155796195e-08 4.239230494418322337e-17
-1.167873549267337344e-02 -1.728747622609141943e-02 -2.053318160932619818e-06 -2.221269581046523178e-08 4.092863201132779238e-17
-1.282651710416518945e-02 -1.709436293249957592e-02 -2.214530441588605236e-06 -2.498115791713161147e-08 4.130810277169771894e-17
-1.396194490032852571e-02 -1.689225048191041537e-02 -2.320373725722343905e-06 -2.822459811222389862e-08 4.119968255444916849e-17
-1.508430557734487254e-02 -1.668172292059935669e-02 -2.435548220316649526e-06 -3.135974211348558152e-08 4.141652298894626938e-17
-1.619760949152954793e-02 -1.646464040695149594e-02 -2.578822781800632624e-06 -3.253867770309972623e-08 4.185020385794047115e-17
-1.730318467526176240e-02 -1.624090712025313271e-02 -2.681655677395228254e-06 -3.259699192970262616e-08 3.968179951296946228e-17
-1.839950993891432962e-02 -1.601427086462167693e-02 -2.753560295823062609e-06 -3.411391195554504610e-08 4.152494320619481982e-17
-1.948467816159201935e-02 -1.578787580328199630e-02 -2.823701815039131313e-06 -3.731481404065355861e-08 4.119968255444916849e-17
-2.055192669234198050e-02 -1.556447857944976559e-02 -2.908927186968945922e-06 -4.286643940591000623e-08 4.130810277169771894e-17
-2.160449715934336518e-02 -1.534432797406759183e-02 -3.015413518870496690e-06 -4.400849844190136279e-08 4.076600168545496672e-17
-2.263766458655110808e-02 -1.512962521585044934e-02 -3.132018551498319536e-06 -4.059313293131288497e-08 4.228388472693467293e-17
-2.365535603241892409e-02 -1.491901869318032828e-02 -3.257460415196852810e-06 -3.089817642780261220e-08 4.054916125095786583e-17
-2.466529117603762089e-02 -1.471179651846213007e-02 -3.354941942061359650e-06 -1.788618896666083896e-08 4.087442190270351716e-17
-2.566062301867220313e-02 -1.450516563279686394e-02 -3.452242401500923985e-06 -7.094425437848168869e-09 4.087442190270351716e-17
-2.664497337940646693e-02 -1.430048600614172195e-02 -3.563959460380766719e-06 -2.106838853767681319e-09 4.315124646492307647e-17
-2.761751442218179572e-02 -1.409756596076710243e-02 -3.706614915846562219e-06 4.273600620521150750e-10 4.119968255444916849e-17
-2.858145047638263256e-02 -1.389658832624155946e-02 -3.833212232542265729e-06 1.426699838347547655e-09 4.152494320619481982e-17
-2.954205121591671479e-02 -1.369528343686167958e-02 -3.942521586301761527e-06 -1.534998217943284171e-09 3.805549625424120563e-17
-3.049148217669829519e-02 -1.349286086141574664e-02 -4.054054719617589120e-06 -1.016577194819234808e-08 4.304282624767452603e-17
-3.142871018685963747e-02 -1.328999208681341977e-02 -4.168870334940108502e-06 -2.517565242192952579e-08 4.054916125095786583e-17
-3.234349471225882872e-02 -1.308783525878585291e-02 -4.277907080928178285e-06 -4.648812055099704743e-08 4.195862407518902160e-17
-3.323904042977442880e-02 -1.288602084266044986e-02 -4.400673039287386623e-06 -6.807706875956373582e-08 4.054916125095786583e-17
-3.412095158768607694e-02 -1.268544124899304362e-02 -4.522231691613670668e-06 -8.497028863093010476e-08 4.119968255444916849e-17
-3.498182663426285810e-02 -1.248482196170676121e-02 -4.678891434694437690e-06 -9.295695614403194640e-08 4.260914537868032426e-17
-3.582667973690505103e-02 -1.228573977127856223e-02 -4.897914464722930017e-06 -9.282986743902078841e-08 4.119968255444916849e-17
-3.665453275874478584e-02 -1.208696990665079386e-02 -5.138927529350217904e-06 -8.495516230842652117e-08 4.119968255444916849e-17
-3.745897314667299277e-02 -1.188926637115506231e-02 -5.298688801894796407e-06 -7.170775013706776058e-08 4.141652298894626938e-17
-3.824196507055810379e-02 -1.169243905922474902e-02 -5.387108180807120839e-06 -5.432161267115639958e-08 4.185020385794047115e-17
-3.900225709550463049e-02 -1.149549306487607225e-02 -5.412412986023629191e-06 -3.446426328568633068e-08 3.924811864397526051e-17
-3.974487320034410243e-02 -1.129978545284780755e-02 -5.418758398604422988e-06 -1.146540223396011471e-08 4.250072516143177381e-17
-4.046925841006870916e-02 -1.110465886300672500e-02 -5.406015679859654810e-06 1.299403930049743139e-08 3.903127820947815962e-17
-4.117526576580959885e-02 -1.090947125599365380e-02 -5.404597609219574661e-06 3.750188815997840264e-08 3.903127820947815962e-17
-4.187076449868819966e-02 -1.071351698633975918e-02 -5.374259017091459478e-06 5.661984212230498914e-08 4.054916125095786583e-17
-4.255216894570345437e-02 -1.051658853601774093e-02 -5.337103157136702247e-06 6.729529639245244999e-08 4.163336342344337027e-17
-4.322821264299571420e-02 -1.031721665321912521e-02 -5.291020776100607836e-06 7.130674437028083901e-08 4.206704429243757204e-17
-4.390610774261700933e-02 -1.011688647546934473e-02 -5.217870895912746221e-06 6.717465818664725141e-08 4.098284211995206761e-17
-4.458946416955149317e-02 -9.916119884373082727e-03 -5.176926054350355910e-06 5.583323923726360438e-08 4.054916125095786583e-17
-4.527882373342515671e-02 -9.717132823696445973e-03 -5.247046811918815168e-06 4.030850029495061659e-08 4.033232081646076495e-17
-4.596886750483197143e-02 -9.516236009663229384e-03 -5.499569532899095670e-06 2.377852967609325741e-08 4.250072516143177381e-17
-4.665968711549051129e-02 -9.316612327112564623e-03 -5.791527197145096562e-06 9.028054940348612112e-09 4.098284211995206761e-17
-4.735037082293068467e-02 -9.116594463770721912e-03 -6.045619571664467840e-06 -2.187447684359050681e-09 4.011548038196366406e-17
-4.803559791639243348e-02 -8.918419161476833987e-03 -6.149651644797582417e-06 -9.962605038681127123e-09 4.206704429243757204e-17
-4.871657766941839274e-02 -8.721975574562265687e-03 -6.171021971434348385e-06 -1.224256797717829248e-08 4.054916125095786583e-17
-4.940158375587138523e-02 -8.527366746850069401e-03 -6.180921248100101906e-06 -6.795962165847407865e-09 4.185020385794047115e-17
-5.009602754097577937e-02 -8.336848250277672720e-03 -6.214298130167300593e-06 3.701406643425581011e-09 4.076600168545496672e-17
-5.079647605500844931e-02 -8.149543926218338549e-03 -6.245538824813101630e-06 1.613850244370704234e-08 3.968179951296946228e-17
-5.150372459876943754e-02 -7.963561489226703496e-03 -6.274894774276063014e-06 2.900461258063119496e-08 4.054916125095786583e-17
-5.222916724449941372e-02 -7.781929188190052013e-03 -6.318850462313368999e-06 3.836571363250232403e-08 4.380176776841437913e-17
-5.297763023929716319e-02 -7.602968087595515789e-03 -6.370218719953940623e-06 4.439831351350786992e-08 3.816391647148975608e-17
-5.374796342359526580e-02 -7.425946879000237290e-03 -6.427476645243929143e-06 4.661847133758528772e-08 4.119968255444916849e-17
-5.453292111787914898e-02 -7.248544767962485265e-03 -6.482984719415746389e-06 4.395244510794343862e-08 4.445228907190568179e-17
-5.531608316515663343e-02 -7.062315031426990783e-03 -6.519007812552657377e-06 3.689740403923363887e-08 4.163336342344337027e-17
-5.608706037728768135e-02 -6.867902053687510548e-03 -6.536887056256268647e-06 2.537407948772357758e-08 4.163336342344337027e-17
-5.684074844248644676e-02 -6.664349935849711061e-03 -6.587226283164687723e-06 1.097602310646053625e-08 4.076600168545496672e-17
-5.757643089805011827e-02 -6.449011885006064246e-03 -6.718774813629230236e-06 -3.223559627996835930e-09 3.903127820947815962e-17
-5.830227009147425504e-02 -6.224971054468904363e-03 -6.937714469291283992e-06 -1.508279364511450060e-08 3.968179951296946228e-17
-5.900616379551214263e-02 -5.991800903818988652e-03 -7.210319630596845331e-06 -2.630621678345948511e-08 4.119968255444916849e-17
-5.969019386514681780e-02 -5.749153405999856900e-03 -7.476862448032445263e-06 -3.395609022996751158e-08 4.185020385794047115e-17
-6.036441900824032758e-02 -5.495301465513384095e-03 -7.728909517758231207e-06 -3.745262082670980375e-08 4.163336342344337027e-17
-6.102946580766541174e-02 -5.230700059588500386e-03 -8.010547117083544055e-06 -3.424804501930486800e-08 4.228388472693467293e-17
-6.169829124671059178e-02 -4.953905880075690910e-03 -8.333341349184286706e-06 -2.366278165858576310e-08 4.119968255444916849e-17
-6.236534604048193930e-02 -4.663751884193674709e-03 -8.672171562737474027e-06 -9.168668736996704594e-09 3.881443777498105874e-17
-6.303017706429796252e-02 -4.360494276773512444e-03 -9.015060957410364617e-06 6.195028598617036142e-09 4.163336342344337027e-17
-6.369069210680620985e-02 -4.040208943121945985e-03 -9.313397800334716203e-06 2.282682859356885419e-08 3.751339516799845342e-17
-6.434203825749400252e-02 -3.702539561182180070e-03 -9.505561136706475178e-06 3.740033808694032125e-08 3.903127820947815962e-17
-6.499103394975075387e-02 -3.350774805436981807e-03 -9.551240536677385595e-06 5.201277696476741541e-08 3.707971429900425164e-17
-6.563698265917795871e-02 -2.981971377818000771e-03 -9.418699899912952311e-06 6.749591536635984879e-08 3.859759734048395785e-17
-6.627934647986968852e-02 -2.597849298049381347e-03 -9.164064306680513861e-06 8.467481882063615517e-08 4.076600168545496672e-17
-6.691925930872075212e-02 -2.200135446168323405e-03 -8.825090293169274291e-06 9.925548727189592579e-08 4.011548038196366406e-17
-6.755737830195034099e-02 -1.787542690229737552e-03 -8.394870333328086076e-06 1.090855946904965845e-07 4.250072516143177381e-17
-6.820890113707245295e-02 -1.366129138937563492e-03 -7.885375358528123879e-06 1.140577174621633383e-07 3.924811864397526051e-17
-6.885883945078620505e-02 -9.333628275064106972e-04 -7.299225514529467107e-06 1.171895853860176195e-07 4.293440603042597559e-17
-6.950240608420785171e-02 -4.878675257879716565e-04 -6.603018335649829540e-06 1.161154353696881858e-07 4.054916125095786583e-17
-7.013909545422225555e-02 -3.282899806517254604e-05 -5.826891422262836517e-06 1.105501133270674063e-07 4.380176776841437913e-17
-7.075891250759618056e-02 4.269073674279585257e-04 -5.067382033038109190e-06 1.032449472890099862e-07 4.033232081646076495e-17
-7.136702459163749013e-02 8.906495963457057574e-04 -4.338810865790743154e-06 9.426670049108090699e-08 4.011548038196366406e-17
-7.195341679776573462e-02 1.358732327327026243e-03 -3.690471974009124079e-06 8.324142598565426043e-08 4.206704429243757204e-17
-7.251435778137038657e-02 1.827406617319138685e-03 -3.091697928666453654e-06 7.021360673171300748e-08 3.729655473350135253e-17
-7.305812907167212600e-02 2.294655938086550759e-03 -2.600879826768903724e-06 5.800333710819643995e-08 3.729655473350135253e-17
-7.357011772742619304e-02 2.760914836160846889e-03 -2.229661633466190063e-06 4.559655841351178962e-08 4.380176776841437913e-17
-7.405583736029933140e-02 3.225810478113213045e-03 -1.979690520525351216e-06 3.158108453134994553e-08 3.924811864397526051e-17
-7.451791572180740952e-02 3.688944673188974607e-03 -1.846783471592949866e-06 1.795376553329064429e-08 4.033232081646076495e-17
-7.494956646466310879e-02 4.151820639220395875e-03 -1.854662069783463707e-06 5.721312989342974831e-09 4.054916125095786583e-17
-7.534803885285593084e-02 4.613221537779300940e-03 -2.013057605679269280e-06 -4.613355615926129083e-09 4.076600168545496672e-17
-7.570075906604273319e-02 5.073284776784984379e-03 -2.129626701669745659e-06 -1.972871142060655947e-08 4.054916125095786583e-17
-7.602150856981493288e-02 5.531709395869145729e-03 -2.259184960346632964e-06 -3.331102348385489575e-08 3.751339516799845342e-17
-7.629279585081255588e-02 5.986360699779024255e-03 -2.216071582853557098e-06 -4.812707756970957540e-08 4.163336342344337027e-17
-7.650714375004681600e-02 6.440598601333384632e-03 -2.059744399356827627e-06 -5.697433231709875256e-08 4.098284211995206761e-17
-7.666607399272304391e-02 6.892385616589519898e-03 -1.892278619283760399e-06 -5.861167096457564618e-08 4.293440603042597559e-17
-7.676011834202266237e-02 7.341176984315413503e-03 -1.612307708103583037e-06 -5.890245770561602923e-08 3.859759734048395785e-17
-7.680869731988013149e-02 7.788167586073960549e-03 -1.220084020831652127e-06 -6.149841048994769688e-08 3.989863994746656317e-17
-7.680999709806793363e-02 8.232875465006606747e-03 -7.474616816570411881e-07 -5.998263028633710192e-08 3.968179951296946228e-17
-7.675304897042367624e-02 8.674513067860311136e-03 -1.591711730614120412e-07 -5.422593062076597192e-08 3.989863994746656317e-17
-7.665729230938587990e-02 9.112416353816708489e-03 5.656911747260739975e-07 -5.016166422337764441e-08 4.011548038196366406e-17
-7.650437438914584054e-02 9.547596442414523626e-03 1.314965451828381537e-06 -4.025729043524717277e-08 3.859759734048395785e-17
-7.629274618712705847e-02 9.979247523991036442e-03 2.000832140761077405e-06 -2.727656245749693342e-08 3.968179951296946228e-17
-7.602902241254354265e-02 1.040446681338059141e-02 2.594200036978161483e-06 -1.573827195042870608e-08 3.664603343001004987e-17
-7.572068990365096730e-02 1.082501603865488292e-02 3.181146212880014978e-06 -6.235923864957026996e-09 3.773023560249555430e-17
-7.537841322246427445e-02 1.123992344328715240e-02 3.634064162094663430e-06 4.246225828417882209e-09 4.336808689942017736e-17
-7.498827013495967808e-02 1.164979401378661225e-02 4.066984016771330035e-06 1.512237470836785835e-08 4.185020385794047115e-17
-7.455217068593116003e-02 1.205508480056137303e-02 4.385721588204966048e-06 3.040057386383132609e-08 4.336808689942017736e-17
-7.408019612694557998e-02 1.245132188948064496e-02 4.721699324923556151e-06 4.623652827100144247e-08 3.729655473350135253e-17
-7.355997363680835677e-02 1.284130120693174372e-02 4.855329929265989053e-06 6.444377468640960505e-08 3.946495907847236140e-17
-7.299005283937430588e-02 1.322281149072813966e-02 4.946973139106219941e-06 8.062955164731683277e-08 4.315124646492307647e-17
-7.239554072083417835e-02 1.359552604659226838e-02 4.968085349589534960e-06 9.830310302317429860e-08 4.119968255444916849e-17
-7.177174144342557405e-02 1.395971434655172289e-02 4.988259409425405133e-06 1.178916690294101732e-07 3.838075690598685696e-17
-7.113329739744991831e-02 1.431178866554991790e-02 4.781051379416922931e-06 1.333403310916844720e-07 3.556183125752454544e-17
-7.047899695690421074e-02 1.464868673747139055e-02 4.659636525995713985e-06 1.372977687843363048e-07 4.271756559592887470e-17
-6.986244692032952952e-02 1.496544797517050489e-02 4.459185780295721324e-06 1.239495276608021390e-07 4.163336342344337027e-17
-6.926637724185019662e-02 1.526299483911533125e-02 4.216920622260311724e-06 1.124958544660228932e-07 3.989863994746656317e-17
-6.868507468871716537e-02 1.554027456942340922e-02 3.972145007091060220e-06 1.108904860653084357e-07 4.033232081646076495e-17
-6.817164345885987076e-02 1.579314827674761085e-02 3.734660471137879467e-06 1.096162546175213914e-07 4.054916125095786583e-17
-6.769637781874432436e-02 1.601846315362363826e-02 3.442096473359884667e-06 1.091788483561367817e-07 3.968179951296946228e-17
-6.724479951630180086e-02 1.622435420828040667e-02 3.207159303610096490e-06 1.004617088615211706e-07 3.707971429900425164e-17
-6.670021543302648293e-02 1.642574708791029112e-02 3.110325185604750908e-06 7.790545462470904736e-08 4.033232081646076495e-17
-6.597760079264099187e-02 1.663582066550169103e-02 3.232234462111766016e-06 5.183055881274184484e-08 3.816391647148975608e-17
-6.507099999740520446e-02 1.685235877556415587e-02 3.285466913534318412e-06 3.039308666547002602e-08 4.119968255444916849e-17
-6.399284091618850923e-02 1.707185316565747180e-02 3.471543030708623689e-06 1.679836549896285280e-08 3.729655473350135253e-17
-6.278174423639090729e-02 1.729238954083603050e-02 3.722135178057389693e-06 1.580571226157678755e-08 3.946495907847236140e-17
-6.140546268824832732e-02 1.751240563026619512e-02 3.921876655071931950e-06 1.761591084028374388e-08 3.924811864397526051e-17
-5.990207836196895230e-02 1.773085914901222776e-02 4.308068263444986279e-06 2.836796868330854204e-08 4.119968255444916849e-17
-5.830746492613316651e-02 1.794058141736478915e-02 4.731846487811275370e-06 5.549584962969214552e-08 3.621235256101584810e-17
-5.663783409687911385e-02 1.814335798256225610e-02 5.106210444163344908e-06 7.203960804757700287e-08 3.903127820947815962e-17
-5.488297930175156658e-02 1.833561461554972585e-02 5.189546110530990353e-06 7.828043695375097588e-08 4.401860820291148002e-17
-5.307596345582735187e-02 1.851467783792658944e-02 5.297557891383725126e-06 6.756562158545531549e-08 4.054916125095786583e-17
-5.119749628761675886e-02 1.868607665346359512e-02 5.278440335629991376e-06 5.868291152229948571e-08 4.293440603042597559e-17
-4.925828151472774752e-02 1.884331871367493638e-02 5.164963191400112619e-06 5.344600890414691330e-08 3.881443777498105874e-17
-4.725318309310241882e-02 1.899312413548706266e-02 4.742777315280138906e-06 5.328927970768559952e-08 4.011548038196366406e-17
-4.517787045151364089e-02 1.913639018796463309e-02 4.413312573021271890e-06 5.243692508980976608e-08 4.228388472693467293e-17
-4.306569652654299030e-02 1.926664537536013078e-02 3.980167177744520224e-06 3.320172874826665677e-08 4.087442190270351716e-17
-4.089787664695378189e-02 1.938887447079302648e-02 3.573381427536895250e-06 1.545132784913638702e-08 4.054916125095786583e-17
-3.867161639669961654e-02 1.950235424732544437e-02 3.101170866836450157e-06 1.647737256143741447e-08 3.957337929572091184e-17
-3.639337760102840519e-02 1.960857287139973482e-02 2.500793776396073587e-06 3.177442493406540391e-08 4.000706016471511361e-17
-3.404058840475937542e-02 1.970983403272675086e-02 1.760470992180976357e-06 4.562519256672004087e-08 4.000706016471511361e-17
-3.165280201902961887e-02 1.979818262313022201e-02 9.328881494102825300e-07 5.530922168829263685e-08 4.044074103370931539e-17
-2.918709825074267128e-02 1.987787033120994723e-02 1.928638731010789975e-08 2.706318705031005023e-08 4.141652298894626938e-17
-2.667154360261528301e-02 1.994804949879023376e-02 -7.746558973479797383e-07 -2.734797567658514561e-08 4.098284211995206761e-17
-2.412591074507954014e-02 2.000398279635640444e-02 -1.525004613906096040e-06 -9.084776811992684165e-08 3.984442983884228795e-17
-2.152883991660346080e-02 2.005185959596239922e-02 -2.252467559964166366e-06 -1.539617489442878656e-07 3.979021973021801273e-17
-1.890027275544608337e-02 2.008667143313322759e-02 -2.592358925469252784e-06 -2.038322234601194771e-07 3.989863994746656317e-17
-1.622533914859033630e-02 2.010844122368191447e-02 -2.731075462548276933e-06 -2.357757707114639667e-07 3.930232875259953573e-17
-1.351442158954678854e-02 2.011123210535966863e-02 -2.549969469905089686e-06 -2.469889047588321590e-07 4.144362804325840699e-17
-1.075653359081096480e-02 2.009244241711605899e-02 -2.215043373315320370e-06 -2.249361326354427926e-07 4.050850366948965942e-17
-7.908897550992234279e-03 2.006362863099201213e-02 -1.436809971061851418e-06 -2.001662797101663727e-07 3.928199996186543252e-17
-5.017836132767722508e-03 2.001874269385077801e-02 -5.296246832155095813e-07 -1.815735231286506185e-07 4.190780209835376358e-17
-2.067698422502415624e-03 1.995985826913663011e-02 5.214130445398319769e-07 -1.788247558364179299e-07 4.061692388673820986e-17
9.571703334943699494e-04 1.989176206271916700e-02 1.795830003759914251e-06 -1.886807110958134068e-07 3.946495907847236140e-17
4.015702406188965609e-03 1.980758544551469366e-02 2.933995816673147516e-06 -2.079820534713733814e-07 4.006127027333938884e-17
7.132322759160173928e-03 1.971447455700472626e-02 3.966351403313778112e-06 -2.214518863735454209e-07 4.000706016471511361e-17
1.027275869146396757e-02 1.960760402459795979e-02 4.798641291374472484e-06 -2.292446912434506923e-07 3.968179951296946228e-17
1.344310566388289691e-02 1.949045799518027769e-02 5.499299893517092808e-06 -2.425836700883034669e-07 4.022390059921221450e-17
1.670033308842015438e-02 1.936414124051439450e-02 6.363540578103663026e-06 -2.496718837169203085e-07 4.098284211995206761e-17
1.996430798314698801e-02 1.922494197874263788e-02 6.923847696016505182e-06 -2.264048170434198280e-07 3.957337929572091184e-17
2.332407180513060632e-02 1.907604486982458422e-02 7.653381644994947108e-06 -1.982296156835365586e-07 4.022390059921221450e-17
2.673275455688936889e-02 1.890647429968382934e-02 8.102241675599086701e-06 -1.416645900581678039e-07 4.109126233720061805e-17
3.017694653285411810e-02 1.872604277792784544e-02 8.252811431491702265e-06 -6.526033319764670132e-08 4.098284211995206761e-17
3.370544956176879658e-02 1.853958783817801978e-02 8.157749548879517087e-06 1.313208388385722625e-09 4.054916125095786583e-17
3.723654426352365765e-02 1.833344640577075357e-02 7.746691049168724641e-06 5.018151338887465174e-08 4.011548038196366406e-17
4.084538516454072621e-02 1.811630960431514017e-02 7.449405449253682088e-06 6.154508094542536500e-08 4.206704429243757204e-17
4.451572829718401791e-02 1.788891042849985458e-02 6.801466798270899838e-06 5.569268102722721436e-08 4.228388472693467293e-17
4.822752978219090048e-02 1.765190618850159474e-02 6.219538594080809002e-06 2.857725544050393474e-08 4.315124646492307647e-17
5.202209374433698630e-02 1.740782678866287583e-02 5.715579940925030744e-06 1.099421820032961405e-08 4.163336342344337027e-17
5.579797627483376599e-02 1.714967232129823577e-02 5.047033961532582103e-06 2.601532838545500548e-09 4.250072516143177381e-17
5.963049782846845115e-02 1.688653734304558507e-02 4.691722295096373285e-06 -5.915165574368885792e-09 4.228388472693467293e-17
6.351198931521762070e-02 1.661744848540002567e-02 4.204951080510194172e-06 -2.557897868732741942e-08 3.989863994746656317e-17
6.746167759189018731e-02 1.633679641465093577e-02 3.974819158279740972e-06 -4.952877581893347370e-08 3.968179951296946228e-17
7.150367846712045450e-02 1.605062188026248893e-02 4.031474375627147611e-06 -7.047445019789724818e-08 4.336808689942017736e-17
7.554684998530702966e-02 1.575274319895919595e-02 4.033253540626502431e-06 -7.905426551314126415e-08 4.119968255444916849e-17
7.962503419886085565e-02 1.545434738481384421e-02 4.256500697269460787e-06 -7.469466600145205359e-08 4.250072516143177381e-17
8.374580415984103632e-02 1.514540883209790183e-02 4.718038854920059144e-06 -7.767956617093368932e-08 4.206704429243757204e-17
8.784270954342651705e-02 1.482862626271139878e-02 4.762398363833408865e-06 -8.219479795575079795e-08 4.510281037539698445e-17
9.201400175435733853e-02 1.451174687713797234e-02 4.522118014181619738e-06 -6.789093193355910660e-08 4.380176776841437913e-17
9.615176042306572413e-02 1.418394504758107785e-02 3.990304853047910161e-06 -5.991730399595301959e-08 4.076600168545496672e-17
1.003459237778255853e-01 1.384980307948016284e-02 4.040872175196941196e-06 -5.610250853813059102e-08 4.640385298237958978e-17
1.045579784059965933e-01 1.351675506836431083e-02 3.729314593629851071e-06 -2.329245654599659821e-08 3.946495907847236140e-17
1.086927563540635577e-01 1.316311083056846513e-02 3.437305766934573015e-06 -1.058704688066541832e-08 4.640385298237958978e-17
1.128658314909636168e-01 1.280568606318511354e-02 2.950787381945929599e-06 2.015748410289647241e-08 4.250072516143177381e-17
1.169616674345278495e-01 1.242685766492817451e-02 2.108007595903738096e-06 7.384069948719595988e-08 4.466912950640278268e-17
1.210352518571870956e-01 1.204656703585756973e-02 1.241402833085381019e-06 1.652432776964862793e-07 4.336808689942017736e-17
1.251145880923319187e-01 1.166825826232033639e-02 3.302894679077517104e-07 1.829704539442478239e-07 4.076600168545496672e-17
1.290821698611964718e-01 1.126156346733745220e-02 -8.566680929911196785e-07 2.219689863268425878e-07 4.597017211338538800e-17
1.330880239792133768e-01 1.087154748070196832e-02 -1.953882241147175680e-06 2.297540976749570807e-07 4.727121472036799332e-17
1.370783155888333493e-01 1.046843717244918918e-02 -2.882680468774267979e-06 2.524631549224651272e-07 4.727121472036799332e-17
1.409842515338834701e-01 1.005997148385750009e-02 -3.423855529482988658e-06 2.196613343857789502e-07 4.770489558936219510e-17
1.449283466637609208e-01 9.652728189293828184e-03 -4.394209025718187611e-06 2.148620236131978944e-07 4.597017211338538800e-17
1.486237024676501928e-01 9.219455502489103810e-03 -5.837067701831843980e-06 2.333983358682872877e-07 4.857225732735059864e-17
1.522484086561676220e-01 8.775785569559371377e-03 -6.661030954639712842e-06 2.790667815201486324e-07 5.117434254131580929e-17
1.557204381537975468e-01 8.325662338803462015e-03 -7.448081074820644965e-06 2.334639128669796504e-07 4.683753385137379155e-17
1.591017081532721533e-01 7.853793225283484114e-03 -8.354421194942118767e-06 1.956062940736830180e-07 3.989863994746656317e-17
1.622985790131192263e-01 7.368829265287490243e-03 -9.238173045864050970e-06 1.682199599062350615e-07 4.510281037539698445e-17
1.652307365824736418e-01 6.850888373981369600e-03 -1.012857068150019302e-05 1.741876251310642276e-07 4.250072516143177381e-17
1.678637473981071382e-01 6.320130410944729826e-03 -1.110327322766113678e-05 1.508286936579422699e-07 4.770489558936219510e-17
1.702131672845667021e-01 5.767821267059488471e-03 -1.194544455630774937e-05 1.233138004815698130e-07 3.816391647148975608e-17
1.721343536620388304e-01 5.174673535180824430e-03 -1.315494777340275867e-05 7.639526446168165563e-08 3.903127820947815962e-17
1.737350093534811291e-01 4.554867222653070230e-03 -1.458181741957609301e-05 7.073572701708774613e-08 4.683753385137379155e-17
1.747116999319011099e-01 3.912787416309009003e-03 -1.612249582752522947e-05 1.579070819934802472e-08 4.683753385137379155e-17
1.751643259570338229e-01 3.227818044896708233e-03 -1.788130495215811688e-05 -8.051776742221128380e-08 4.943961906533900219e-17
1.752376931340049460e-01 2.463968911771807768e-03 -1.764851777769083085e-05 -1.001382236645587120e-07 4.423544863740858091e-17
1.746063758063258198e-01 1.619250974840696911e-03 -1.699239642478922452e-05 -1.077030504347681328e-07 4.597017211338538800e-17
1.729583904597316035e-01 6.651847600628001123e-04 -1.667070016160565604e-05 -1.397836853732348228e-07 4.336808689942017736e-17
1.695334121102382019e-01 -4.923624163152492961e-04 -1.654898075544031233e-05 -1.546164825044077373e-07 4.423544863740858091e-17
1.661564853353430515e-01 -1.583548334352296444e-03 -1.531593606755865533e-05 -1.447342001213713925e-07 5.204170427930421283e-17
1.584161044920850969e-01 -3.255174762216511697e-03 -1.460047464676983431e-05 -1.739696057264511486e-07 4.683753385137379155e-17
1.515546275224333717e-01 -4.710818038002499014e-03 -1.157189924151647009e-05 -1.942948075102368666e-07 5.030698080332740574e-17
1.436415216886652302e-01 -6.223440205533000563e-03 -6.131090451208520697e-06 -1.836344131079387099e-07 4.640385298237958978e-17
1.269835857581294025e-01 -8.894907869739274164e-03 -6.754147798687659687e-08 -2.462842276671969866e-07 4.423544863740858091e-17
1.017145207159164400e-01 -1.258234325957324762e-02 8.513930740930431007e-06 -2.213874799429985107e-07 3.946495907847236140e-17
7.884288746997500374e-02 -1.548899163390804641e-02 2.968344669298725313e-05 5.344322890222380495e-08 4.336808689942017736e-17
