0.000000000000000000e+00 0.000000000000000000e+00 0.000000000000000000e+00 0.000000000000000000e+00 0.000000000000000000e+00
1.380276630507881741e-03 -1.519632040904508874e-02 -3.450853922485161429e-02 -2.333340334762541712e-02 -4.134937244611822105e-03
2.237874723220845130e-03 -2.511114187671352471e-02 -5.873804416431602227e-02 -3.925313082103527168e-02 -2.574170052547064547e-03
2.881839653933460088e-03 -3.261959040387656106e-02 -7.692604337993538821e-02 -5.636996575727092756e-02 9.733811575897366453e-03
3.371077413254541799e-03 -3.888396749165334843e-02 -9.235497645411891443e-02 -7.132294883637971261e-02 2.207477486200107308e-02
3.754057313893555126e-03 -4.445717266902289577e-02 -1.067260288161117066e-01 -8.218123343962972782e-02 2.921745105018423022e-02
4.044049013043435337e-03 -4.947012459183978972e-02 -1.196928174933234168e-01 -9.066361422664656611e-02 3.374561298237752083e-02
4.272564655678393053e-03 -5.405013353031813683e-02 -1.316538257361825892e-01 -9.812377476075753724e-02 3.782947754924225608e-02
4.433045057125883925e-03 -5.827769849272673719e-02 -1.427256209007526644e-01 -1.047462203437789507e-01 4.159226323262740777e-02
4.524703164313775838e-03 -6.223650215886519788e-02 -1.530289523599381862e-01 -1.105702084398542395e-01 4.481329199909528382e-02
4.571608043615851824e-03 -6.598401033784076497e-02 -1.629221084588779178e-01 -1.158847594934973996e-01 4.784207436205926978e-02
4.549582487023570709e-03 -6.953501310969742444e-02 -1.720877906703724425e-01 -1.205862652703257043e-01 5.048324298520229236e-02
4.474159507324201868e-03 -7.294046800460279867e-02 -1.808326385812815129e-01 -1.249336294286279847e-01 5.301572451664467861e-02
4.356890876083222008e-03 -7.620843467555769857e-02 -1.891637002295585845e-01 -1.289638175709089118e-01 5.544976867212660088e-02
4.190217570818166593e-03 -7.933200144377083873e-02 -1.969301220071995873e-01 -1.326366386890885929e-01 5.765491607964336185e-02
3.993119696550528896e-03 -8.234668073636278174e-02 -2.044358612191425340e-01 -1.361437938179759499e-01 5.994816799845857636e-02
3.752873946164581032e-03 -8.524225965134320238e-02 -2.114556716205638065e-01 -1.393580638122390025e-01 6.209145463759330186e-02
3.479162078946648751e-03 -8.804145648047864703e-02 -2.181873412071758389e-01 -1.423341516751725488e-01 6.408064350534517506e-02
3.179608053954008362e-03 -9.076009351769408207e-02 -2.246982826991521798e-01 -1.451034542194729049e-01 6.596766549399843416e-02
2.842931729295478105e-03 -9.336822002919542562e-02 -2.307315092058267181e-01 -1.475970403253481500e-01 6.757814368110785785e-02
2.485813024547978145e-03 -9.591243031326487922e-02 -2.365503132691380850e-01 -1.499933003557689382e-01 6.930109677400789203e-02
2.104497693470874786e-03 -9.837574578687000026e-02 -2.419887230766724906e-01 -1.522299637435418906e-01 7.113839506915484168e-02
1.699072281925562145e-03 -1.007671400602401651e-01 -2.470680097085974358e-01 -1.545629136939000725e-01 7.350339064641746301e-02
1.277396910727923718e-03 -1.030835449458430558e-01 -2.518412130501602730e-01 -1.572952701874004988e-01 7.687173334196094332e-02
8.272208850414464187e-04 -1.053006592116045304e-01 -2.561104788346201810e-01 -1.603337536694348087e-01 8.111917829661514923e-02
3.569622630147234466e-04 -1.074684291265117220e-01 -2.601996647306470400e-01 -1.635188627552323914e-01 8.584998585541660232e-02
-1.347495889141986369e-04 -1.095924054782873303e-01 -2.641625014057376042e-01 -1.661439518156883621e-01 8.964431122198636415e-02
-6.505277815720134083e-04 -1.116780282269022734e-01 -2.680190513161229138e-01 -1.680998704537781108e-01 9.235828102854957977e-02
-1.184027487989264271e-03 -1.137268752838766495e-01 -2.717946184258806519e-01 -1.697240319857273305e-01 9.459938047179636267e-02
-1.738863042498553502e-03 -1.157183530004077116e-01 -2.753121979712812584e-01 -1.709861556286151330e-01 9.640079453485367322e-02
-2.309561763455286743e-03 -1.176741706430555895e-01 -2.787370098823945264e-01 -1.720393950704885988e-01 9.795099611817364993e-02
-2.899930624804938906e-03 -1.195871116679330798e-01 -2.819868230963658573e-01 -1.728562132224611414e-01 9.923963458080921340e-02
-3.515363855354128320e-03 -1.214598988055651946e-01 -2.850396922574415237e-01 -1.734126462333995811e-01 1.002654178723726280e-01
-4.148939120935599134e-03 -1.233018464534390984e-01 -2.879939525758831165e-01 -1.738150265498186742e-01 1.011317768155067798e-01
-4.804987906462859781e-03 -1.251003781574182849e-01 -2.907122211838573667e-01 -1.739621490238751345e-01 1.017752549471337975e-01
-5.476111441632153243e-03 -1.268662746129027019e-01 -2.933228217006857430e-01 -1.739794781421339642e-01 1.022813422630423352e-01
-6.163803161401720798e-03 -1.286025737050550954e-01 -2.958206316393487412e-01 -1.738724053423614802e-01 1.026353285692945816e-01
-6.864381025415977611e-03 -1.302960350072843998e-01 -2.981426126116438757e-01 -1.735976201100953853e-01 1.028172318452272443e-01
-7.579320536569664202e-03 -1.319644477654773884e-01 -3.003876075830702042e-01 -1.732417091110547425e-01 1.028910131206485501e-01
-8.307115500599301927e-03 -1.335916333053239480e-01 -3.024627334866271111e-01 -1.727290553446171884e-01 1.027936050146771585e-01
-9.049657837558164331e-03 -1.351917669412038003e-01 -3.044529841519179603e-01 -1.720379223066803853e-01 1.024285069908420082e-01
-9.807319907269212989e-03 -1.367642044554414349e-01 -3.063552745124183407e-01 -1.711805705166345726e-01 1.018169378783608942e-01
-1.058055273474696467e-02 -1.383019143583176513e-01 -3.080982281103568643e-01 -1.701051260944920762e-01 1.010052087912196583e-01
-1.137010294762874629e-02 -1.398161460314520932e-01 -3.097546689484274030e-01 -1.689278617236100177e-01 1.000495250307085054e-01
-1.217372632554260259e-02 -1.412979239493470651e-01 -3.112634542151192507e-01 -1.675779050159563188e-01 9.894613098873271395e-02
-1.299020274384275753e-02 -1.427547586803043222e-01 -3.126680329941446956e-01 -1.661220931159635428e-01 9.774786681290106860e-02
-1.382019668620416974e-02 -1.441899066023586973e-01 -3.139839894886022886e-01 -1.645894022017530822e-01 9.646905765210073147e-02
-1.465976498881420287e-02 -1.455923719805702343e-01 -3.151749061120335815e-01 -1.629505684680444266e-01 9.510766839226970915e-02
-1.551324843177163959e-02 -1.469718538270184671e-01 -3.162808947849349850e-01 -1.612678583766642970e-01 9.371599256291425484e-02
-1.637898207833739239e-02 -1.483227283654447171e-01 -3.172730134726066686e-01 -1.594972465115459537e-01 9.229133326975876017e-02
-1.725322482724700457e-02 -1.496449344926829850e-01 -3.181720548032838103e-01 -1.576702107561318011e-01 9.086348134846157498e-02
-1.814063032104451523e-02 -1.509478598940666993e-01 -3.189943660807544323e-01 -1.558407496534879311e-01 8.948053963859746440e-02
-1.903331881650607849e-02 -1.522163101865190993e-01 -3.196915221084299374e-01 -1.539480138719485081e-01 8.819092035987158296e-02
-1.993683009607889745e-02 -1.534621660189542658e-01 -3.202941987174084404e-01 -1.520984523317099324e-01 8.703622661002397010e-02
-2.084592652210516539e-02 -1.546777293486958360e-01 -3.207909664631798385e-01 -1.502357993088271060e-01 8.599852865680752967e-02
-2.176477821342159835e-02 -1.558690298501093641e-01 -3.211867411135189698e-01 -1.483067178094820138e-01 8.498908966499209294e-02
-2.268952492454953673e-02 -1.570384075408265689e-01 -3.215310128085381858e-01 -1.463691046386248473e-01 8.397255032784006756e-02
-2.361920574542249185e-02 -1.581792965879278978e-01 -3.217753756110929286e-01 -1.443454510457116702e-01 8.297422996033004816e-02
-2.455571181119882429e-02 -1.592983036373533667e-01 -3.219494621800511602e-01 -1.423073091957907932e-01 8.199293090449179255e-02
-2.550104854235447915e-02 -1.603930574439554613e-01 -3.220257148292746674e-01 -1.402249942735493971e-01 8.104269898055842247e-02
-2.645141016669701195e-02 -1.614607457054149930e-01 -3.220162195797596771e-01 -1.380845216163247013e-01 8.014287757964100312e-02
-2.741356452658965520e-02 -1.625093158443577379e-01 -3.219289927146476438e-01 -1.359536735910417959e-01 7.928720454719488664e-02
-2.838018036905117641e-02 -1.635316341281298769e-01 -3.217441660284416916e-01 -1.337506456761329843e-01 7.852490891967917053e-02
-2.935234132894042752e-02 -1.645318821005366250e-01 -3.214922462269269032e-01 -1.315716437438464170e-01 7.784159133609541703e-02
-3.033142012223679490e-02 -1.655131781482178099e-01 -3.211717277022873573e-01 -1.294136043432011773e-01 7.726696645694239307e-02
-3.131545367904908089e-02 -1.664726235319041736e-01 -3.207721850414617659e-01 -1.272394413561613313e-01 7.684854966367954399e-02
-3.231009400466140075e-02 -1.674130593330653560e-01 -3.202847299525410918e-01 -1.251362653590107343e-01 7.659800869474989171e-02
-3.330373832270516060e-02 -1.683272994466724348e-01 -3.197314704957918141e-01 -1.230865933918411370e-01 7.659827689516407467e-02
-3.430161559876760552e-02 -1.692174744845173495e-01 -3.191009124043015510e-01 -1.211559896585180374e-01 7.688190377358802841e-02
-3.530523523529092988e-02 -1.700848512102334231e-01 -3.183912388270193072e-01 -1.193573527878891150e-01 7.746709848421171052e-02
-3.630979670264113807e-02 -1.709281979347555547e-01 -3.175896771253238771e-01 -1.176542124436285031e-01 7.844170103926761950e-02
-3.732335084843955986e-02 -1.717505371528936786e-01 -3.166877620703366647e-01 -1.161331754998566751e-01 7.977564592069227856e-02
-3.833779860897931768e-02 -1.725463897527751977e-01 -3.157058083510250746e-01 -1.147561086763634192e-01 8.148102171710763786e-02
-3.935766278951011166e-02 -1.733203979631118830e-01 -3.146332827935334198e-01 -1.134941598302163651e-01 8.350340531537547850e-02
-4.038616341702774837e-02 -1.740765373264488991e-01 -3.134867814153060039e-01 -1.123162846268643683e-01 8.570515104610028356e-02
-4.141529240687964047e-02 -1.748131677325728828e-01 -3.123044867134636138e-01 -1.111022356746220741e-01 8.798677094931788012e-02
-4.245183157749236880e-02 -1.755381217736757538e-01 -3.110966115084843331e-01 -1.098150618879636248e-01 9.011786866131700491e-02
-4.349190177500282528e-02 -1.762528097537891525e-01 -3.098957326456187600e-01 -1.083490736376874208e-01 9.197541096456918197e-02
-4.454160357283867139e-02 -1.769634096063296969e-01 -3.086990596396683717e-01 -1.066347036189276426e-01 9.345873728304024408e-02
-4.559875182242941610e-02 -1.776682253049416405e-01 -3.075324355802438459e-01 -1.047132334145781385e-01 9.446299954799618204e-02
-4.665138720123666177e-02 -1.783623422594533547e-01 -3.064302956659193944e-01 -1.025449221866195221e-01 9.504580036997040127e-02
-4.770958427093371229e-02 -1.790520888878285310e-01 -3.053612919747207277e-01 -1.001561897815152063e-01 9.515946122977274324e-02
-4.877097259756300179e-02 -1.797346642200957079e-01 -3.043391849928754889e-01 -9.755662899823108747e-02 9.484653359206712819e-02
-4.983453537979290471e-02 -1.804060595850295046e-01 -3.033484274076373999e-01 -9.477187864969814635e-02 9.421772276570115900e-02
-5.090411910229496878e-02 -1.810663027447895201e-01 -3.023647783674774936e-01 -9.191239264449183044e-02 9.335429867403524651e-02
-5.197513990154001978e-02 -1.817098175829345019e-01 -3.013919806493446374e-01 -8.894158539121609086e-02 9.232950655395749662e-02
-5.305261962942477150e-02 -1.823376715708590057e-01 -3.004118185671722507e-01 -8.593410075042746954e-02 9.117213129354531653e-02
-5.413677089935295395e-02 -1.829509019494559019e-01 -2.994135635203265533e-01 -8.289957759559335448e-02 8.993560534964639697e-02
-5.522012183223539566e-02 -1.835444423247307721e-01 -2.984044255568990556e-01 -7.984502831397682909e-02 8.869231590529307041e-02
-5.630873615903924517e-02 -1.841209274790079897e-01 -2.973668879728035286e-01 -7.684340923385227229e-02 8.742264412750851144e-02
-5.740045956725273180e-02 -1.846770404899412965e-01 -2.963003434039372941e-01 -7.387158594660311883e-02 8.624265403287552367e-02
-5.849453392817392100e-02 -1.852132222738913647e-01 -2.952149518737111067e-01 -7.099736073533910452e-02 8.517092791560321174e-02
-5.959237169952235486e-02 -1.857298314018916985e-01 -2.940899094861503804e-01 -6.827335575939268153e-02 8.432342828251963851e-02
-6.069177773512515056e-02 -1.862239813125994847e-01 -2.929427297629872418e-01 -6.562827055648730312e-02 8.365770605373433477e-02
-6.179719622168072801e-02 -1.866974905199523249e-01 -2.917848804155858677e-01 -6.305235755781804508e-02 8.300001214694166518e-02
-6.290302035495758115e-02 -1.871482430012856302e-01 -2.906246323212938187e-01 -6.050968390314611506e-02 8.238462977414942601e-02
-6.401342020705522162e-02 -1.875777695096738917e-01 -2.894525527206001647e-01 -5.802086545659446842e-02 8.178976628371416313e-02
-6.513185238090002382e-02 -1.879923131243122492e-01 -2.882718448014190971e-01 -5.558786937077694890e-02 8.120650062544898518e-02
-6.624908180978421324e-02 -1.883880119336777681e-01 -2.871021973361091439e-01 -5.318601962269216277e-02 8.067579503321134493e-02
-6.737224718483063313e-02 -1.887657131462988358e-01 -2.859153819166400101e-01 -5.085128510934713159e-02 8.014377496373671639e-02
-6.850042834837427597e-02 -1.891244766326936610e-01 -2.847332277089026920e-01 -4.856438985511367379e-02 7.962463990930213065e-02
-6.963056174889459271e-02 -1.894611063993461575e-01 -2.835510219423521550e-01 -4.633794072787337376e-02 7.908864184964381483e-02
-7.076243597909759320e-02 -1.897724437309315504e-01 -2.823638001556777466e-01 -4.418194585995371959e-02 7.850545495660907203e-02
-7.189494498683114687e-02 -1.900641646988810440e-01 -2.811914940240847205e-01 -4.206474885466351954e-02 7.793435640517284990e-02
-7.303579719991501462e-02 -1.903406882343533224e-01 -2.799939016128705216e-01 -3.998864413758786152e-02 7.732429617038089065e-02
-7.417967058764066146e-02 -1.906004548111085439e-01 -2.788080872972235613e-01 -3.795009517921991982e-02 7.669544403719440184e-02
-7.532525963662337065e-02 -1.908436579441048775e-01 -2.776434546210906351e-01 -3.594670999507746517e-02 7.603349326288309784e-02
-7.647672485155923572e-02 -1.910710126823738642e-01 -2.764649800419437531e-01 -3.397658270979411754e-02 7.530602834789361377e-02
-7.762895367078501141e-02 -1.912846687776390553e-01 -2.753078104201234777e-01 -3.203157278466675639e-02 7.455594215020376614e-02
-7.878283820112186309e-02 -1.914857474605194676e-01 -2.741611682737938871e-01 -3.011876927604251186e-02 7.373995181242053165e-02
-7.994328716537600632e-02 -1.916754892189754811e-01 -2.730194771293444900e-01 -2.821729222905035306e-02 7.284698598472341691e-02
-8.111277656749181497e-02 -1.918563193120000621e-01 -2.718962186418379390e-01 -2.631579056862624888e-02 7.187970106130577019e-02
-8.228803584998924114e-02 -1.920241031702611401e-01 -2.707846398951666012e-01 -2.443327354780588934e-02 7.076771971213802193e-02
-8.346514636502117002e-02 -1.921822390911687162e-01 -2.697376395496164925e-01 -2.251141818812439632e-02 6.944988398568198440e-02
-8.465001741632152688e-02 -1.923332107329258633e-01 -2.687237920308885863e-01 -2.054397822400060025e-02 6.787888304634845382e-02
-8.584263515902854080e-02 -1.924787220528629827e-01 -2.677431491095031424e-01 -1.854715861252091702e-02 6.609634846271955633e-02
-8.703783274533105629e-02 -1.926130068141928275e-01 -2.668058710902621589e-01 -1.653516654647571582e-02 6.415559234277873335e-02
-8.823801319861997172e-02 -1.927382486545866913e-01 -2.659015187255412971e-01 -1.454448917433805166e-02 6.203722559446184226e-02
-8.944270163307120602e-02 -1.928504423980694216e-01 -2.650268005235261182e-01 -1.256034760131095884e-02 5.980550317103135172e-02
-9.065840783114738344e-02 -1.929524435284101780e-01 -2.641546899400585846e-01 -1.059158272951016277e-02 5.745268304675542337e-02
-9.188111743933438658e-02 -1.930416056646127032e-01 -2.632881666373927954e-01 -8.661410526827631462e-03 5.499340809779133116e-02
-9.310521750364977867e-02 -1.931151999754769366e-01 -2.624687163091695141e-01 -6.786976572289521448e-03 5.249402286144382035e-02
-9.433577016156481643e-02 -1.931732718300824547e-01 -2.616475075239887427e-01 -4.989909420145516306e-03 4.995469104325629683e-02
-9.557311789753306086e-02 -1.932160846233147156e-01 -2.608373721907881193e-01 -3.255130666199645972e-03 4.742744397415857988e-02
-9.681444509100918527e-02 -1.932426946462337258e-01 -2.600354844994093861e-01 -1.618759322148749513e-03 4.494970816505211575e-02
-9.805874994040915393e-02 -1.932472624186757915e-01 -2.592242574751415507e-01 -1.187317876733123834e-04 4.254529575171938499e-02
-9.930543124712339076e-02 -1.932302046482601288e-01 -2.584149789597087188e-01 1.245562394185925625e-03 4.030938122229190540e-02
-1.005589483162111220e-01 -1.931878539083227153e-01 -2.575605546591590023e-01 2.405663146856071299e-03 3.829319082257780227e-02
-1.018144113682885460e-01 -1.931204682082010848e-01 -2.566766395095913533e-01 3.296164235528406539e-03 3.664054971871437416e-02
-1.030659243869954111e-01 -1.930175068677331129e-01 -2.557347337518144359e-01 3.799911162627386818e-03 3.559770595002204052e-02
-1.043180796593215776e-01 -1.928789585865579859e-01 -2.546812788306918041e-01 3.700797601845190465e-03 3.555525233811499680e-02
-1.055670322412527729e-01 -1.926778583203006268e-01 -2.533590929452636531e-01 2.518820556724463144e-03 3.761299789713336283e-02
-1.068144626401628522e-01 -1.924049963434885380e-01 -2.516900424165487982e-01 6.332366201201866662e-05 4.211391555281843169e-02
-1.080578469749427784e-01 -1.920721888528577059e-01 -2.497405361088846087e-01 -3.506782861727564260e-03 4.874856654951074952e-02
-1.092933350723591657e-01 -1.916602709429061080e-01 -2.474269881977987084e-01 -8.515509515413174912e-03 5.823574866812982614e-02
-1.105234592979513208e-01 -1.911542941898534687e-01 -2.446327301702065915e-01 -1.533677681317628660e-02 7.126115332493296317e-02
-1.117448256904583770e-01 -1.905569868135325584e-01 -2.414006023212373342e-01 -2.384854103368565237e-02 8.763104983198805042e-02
-1.129669559715274635e-01 -1.899198009355724248e-01 -2.380655852291078955e-01 -3.279784007681010860e-02 1.047206079375242738e-01
-1.141947352166346741e-01 -1.893143593444160666e-01 -2.351032478163352923e-01 -4.054987945461532156e-02 1.191056753075424302e-01
-1.154250289367337867e-01 -1.887569870702174302e-01 -2.326844443959846520e-01 -4.649606144692160908e-02 1.295940159340243092e-01
-1.166668671968506960e-01 -1.882452729749414244e-01 -2.307035833180574314e-01 -5.087635044373664539e-02 1.366222001158773347e-01
-1.179184443001950883e-01 -1.877714184843138345e-01 -2.290778923306863168e-01 -5.398536458061069937e-02 1.409497957431242177e-01
-1.191784543102990535e-01 -1.873346653982773669e-01 -2.278400450567144575e-01 -5.571906640908633884e-02 1.422872420750313505e-01
-1.204437684026314764e-01 -1.869181053680745996e-01 -2.268791766120965558e-01 -5.659856648300028853e-02 1.416404941859543132e-01
-1.217065827599535799e-01 -1.864995591563416433e-01 -2.260870286861182687e-01 -5.699406238585848217e-02 1.398927659010573699e-01
-1.229687326540169628e-01 -1.860747152543748562e-01 -2.254031096654962596e-01 -5.711491577295618044e-02 1.373653634465491213e-01
-1.242264340185867955e-01 -1.856370023582084305e-01 -2.248109679270200723e-01 -5.704318443177586878e-02 1.342886076929809547e-01
-1.254820078341661316e-01 -1.851806284462191310e-01 -2.243018298157413160e-01 -5.686542483158038563e-02 1.307764568375860414e-01
-1.267364090699314438e-01 -1.847064970572166731e-01 -2.238445848185703912e-01 -5.662158639752048334e-02 1.269062646033004560e-01
-1.279806680358836768e-01 -1.842155361432795679e-01 -2.234488528365958515e-01 -5.629193945025028761e-02 1.228005589685925991e-01
-1.292265240834775675e-01 -1.837074849403209365e-01 -2.231072796970419714e-01 -5.595522181702381609e-02 1.184659139898698726e-01
-1.304685062342167412e-01 -1.831787609316046228e-01 -2.227928389426248046e-01 -5.560670500651317127e-02 1.139546591205864573e-01
-1.317099958313017183e-01 -1.826306481329527664e-01 -2.225214886653225088e-01 -5.526850275763098286e-02 1.093466398786502869e-01
-1.329503833551428371e-01 -1.820596489680119945e-01 -2.222618813061794096e-01 -5.500271243160374107e-02 1.046516164850227054e-01
-1.341804997367737617e-01 -1.814634091226409729e-01 -2.220518823514512352e-01 -5.480129894097382492e-02 9.995690361437704896e-02
-1.354096224204818510e-01 -1.808348033442872538e-01 -2.218389463563016639e-01 -5.474018517270037160e-02 9.528240552604334834e-02
-1.366356597372733739e-01 -1.801887402023112650e-01 -2.216798958415132081e-01 -5.483932191847099707e-02 9.073605559882180760e-02
-1.378522658016644309e-01 -1.795044216510026935e-01 -2.214807191060200464e-01 -5.509595688333950719e-02 8.644352492217806383e-02
-1.390701590668066701e-01 -1.787981865705673967e-01 -2.212435205646369196e-01 -5.566647936048634698e-02 8.254159095906679622e-02
-1.402704519658268256e-01 -1.780437714077563183e-01 -2.209284546934573434e-01 -5.658339657001791589e-02 7.935945412098645291e-02
-1.414658903522198474e-01 -1.772342796401926435e-01 -2.204768414196280890e-01 -5.822028949841722562e-02 7.739892265458137022e-02
-1.426512078050544141e-01 -1.763570872316409799e-01 -2.197968898607445265e-01 -6.078768573687323706e-02 7.725606856841391035e-02
-1.438256822849941496e-01 -1.754285747274260399e-01 -2.190507696229692103e-01 -6.377206713074001776e-02 7.795371246767962559e-02
-1.449989771578681363e-01 -1.744582365345052621e-01 -2.182161302520767288e-01 -6.724037714547058397e-02 7.936779214237821289e-02
-1.461553072543395615e-01 -1.734374957396253025e-01 -2.173436058828093209e-01 -7.114515926957599989e-02 8.168453744711196007e-02
-1.473028572114987722e-01 -1.723606963854815155e-01 -2.163724308035219479e-01 -7.557123519096055342e-02 8.487032279428641246e-02
-1.484434359777224155e-01 -1.712330216633729807e-01 -2.153138137674179553e-01 -8.051678914389917563e-02 8.895196307565660099e-02
-1.495689300684564516e-01 -1.700462626807645594e-01 -2.141804786193515220e-01 -8.584881418179243773e-02 9.399223412199783634e-02
-1.506908003121128770e-01 -1.688164769105386931e-01 -2.129677802220138472e-01 -9.164542316784686504e-02 9.969497686496835154e-02
-1.517937103904656859e-01 -1.675376649672404294e-01 -2.117329575125823371e-01 -9.762199105766340701e-02 1.059054199098942717e-01
-1.528854802596696372e-01 -1.662178059418411569e-01 -2.105190859605741982e-01 -1.036869560851574057e-01 1.121918541917331508e-01
-1.539670033230432222e-01 -1.648694484228532264e-01 -2.093796170867217588e-01 -1.096984986640717891e-01 1.180872500501926881e-01
-1.550255892024751669e-01 -1.634891439688456183e-01 -2.083953555652146850e-01 -1.153159939792478134e-01 1.233636841867635781e-01
-1.560781848397541083e-01 -1.620850003325404187e-01 -2.075500696191764360e-01 -1.206114244346221942e-01 1.275656124416478521e-01
-1.571162738159623817e-01 -1.606709665436355239e-01 -2.069022167264857048e-01 -1.253166652815438653e-01 1.306847878321215073e-01
-1.581359919343336973e-01 -1.592136932458104448e-01 -2.063106072122699308e-01 -1.298671996125607131e-01 1.334836087122801274e-01
-1.591459673499214800e-01 -1.577274703668724576e-01 -2.057784230758139543e-01 -1.345929045668000923e-01 1.362870798923093707e-01
-1.601214875193013587e-01 -1.561801661757013238e-01 -2.052846916343122052e-01 -1.392184826526959296e-01 1.392653117892984349e-01
-1.610925044167000331e-01 -1.545991920070078351e-01 -2.048186392058456429e-01 -1.439731126870074096e-01 1.421609343728401642e-01
-1.620390755913114211e-01 -1.529673690209574499e-01 -2.043928608769539079e-01 -1.486893147646892455e-01 1.450439793481553274e-01
-1.629697593590869742e-01 -1.512966184598878716e-01 -2.040584145941417571e-01 -1.533378517688743226e-01 1.478883152290565994e-01
-1.638882381095835838e-01 -1.495935043181446655e-01 -2.037849450846472288e-01 -1.580804796689787295e-01 1.504535774095369649e-01
-1.647653720579391745e-01 -1.478458498415549105e-01 -2.036454190730705716e-01 -1.625513136918462775e-01 1.530158802035556653e-01
-1.656244828385402545e-01 -1.460562538487833184e-01 -2.035918649711984663e-01 -1.670292745232753451e-01 1.552143724409562053e-01
-1.664551189480923399e-01 -1.442301228490074638e-01 -2.036669310872518124e-01 -1.713684474407795866e-01 1.571223874745729665e-01
-1.672562256197862307e-01 -1.423705857494630411e-01 -2.038555219628389592e-01 -1.754155378420955147e-01 1.587836385540607465e-01
-1.680471459428291015e-01 -1.404923959409769274e-01 -2.041792733188627362e-01 -1.794355372906725199e-01 1.599015069325607774e-01
-1.687928814915238551e-01 -1.385593957602903603e-01 -2.046698376630711191e-01 -1.830086789556694682e-01 1.607452894173677371e-01
-1.695209602067910826e-01 -1.366179817641628158e-01 -2.053870869239412533e-01 -1.864790885877391502e-01 1.610406572782451251e-01
-1.702226888647978553e-01 -1.346387030723495970e-01 -2.062547419983105923e-01 -1.896985668229970168e-01 1.608377472343758552e-01
-1.708781795091362243e-01 -1.326204033480196942e-01 -2.073130838344800497e-01 -1.924935156165168415e-01 1.602936058544753295e-01
-1.715150135578875634e-01 -1.305751207418726911e-01 -2.084976511346792183e-01 -1.951867785702707248e-01 1.590971403740193135e-01
-1.720970966796207535e-01 -1.284809712333021270e-01 -2.098598183128970174e-01 -1.973732487838814054e-01 1.575466508940686072e-01
-1.726508649957481656e-01 -1.263588667710647262e-01 -2.113783303153181636e-01 -1.993183927877134054e-01 1.554440603277592314e-01
-1.731769866626278465e-01 -1.242027004046005745e-01 -2.130322312695810127e-01 -2.010293604658114908e-01 1.527132523353116889e-01
-1.736417826674123144e-01 -1.220014277105588574e-01 -2.148961457894124349e-01 -2.021648064424501623e-01 1.496506830750849448e-01
-1.740841579925280769e-01 -1.197678927669758864e-01 -2.168876823622113703e-01 -2.031680609539005533e-01 1.458557121947301471e-01
-1.744690873105315676e-01 -1.174829791339826873e-01 -2.190714059043553652e-01 -2.036306452044442938e-01 1.416926793590840283e-01
-1.748184225294049376e-01 -1.151633511721689290e-01 -2.215038137640288896e-01 -2.034703206172264189e-01 1.365169232815265088e-01
-1.751419441150454115e-01 -1.128313262505666048e-01 -2.241284542274540603e-01 -2.028318957312729154e-01 1.300933854631204090e-01
-1.753934793069014675e-01 -1.104448633310040756e-01 -2.269713473261840975e-01 -2.013237246298946737e-01 1.230877787840817805e-01
-1.756194087225710077e-01 -1.080533782058603065e-01 -2.299960028400290513e-01 -1.996422229349247290e-01 1.151634469985470532e-01
-1.757827474860033656e-01 -1.056049006163073400e-01 -2.332202292034104008e-01 -1.974210444013428378e-01 1.068294140331057934e-01
-1.758885652486590900e-01 -1.031139763151355665e-01 -2.366006863263902804e-01 -1.948132654442564227e-01 9.803898945975443591e-02
-1.759595740640710060e-01 -1.005873327036999471e-01 -2.401150890763385504e-01 -1.920485414701041949e-01 8.871194993561679065e-02
-1.759348342425476053e-01 -9.802140223297040045e-02 -2.438404784157308935e-01 -1.886159349003153629e-01 7.941018958447121356e-02
-1.758763116976240770e-01 -9.544434747396010610e-02 -2.476657659818230217e-01 -1.851387281117298778e-01 6.964991573181651685e-02
-1.757579256019359826e-01 -9.285511228666221140e-02 -2.516202801793663846e-01 -1.813634073018117188e-01 5.973339433235551332e-02
-1.755723325478624197e-01 -9.023897155411639281e-02 -2.557273288337871264e-01 -1.771635075972906592e-01 4.981656282028829041e-02
-1.753438902649456788e-01 -8.761810080792320488e-02 -2.598601135027636122e-01 -1.729576887398619478e-01 3.949717225962042638e-02
-1.750088821491555813e-01 -8.495029287971718468e-02 -2.641743093299034895e-01 -1.680523997662566882e-01 2.954704642540864623e-02
-1.746314053489604334e-01 -8.227595470919726872e-02 -2.686006116930820253e-01 -1.631093383910849348e-01 1.939570851397516560e-02
-1.741791262714538491e-01 -7.959230785030060873e-02 -2.731766339438450042e-01 -1.578826158912993438e-01 9.356973788576181117e-03
-1.736290900687139094e-01 -7.688571822552706103e-02 -2.779598952151526303e-01 -1.521513745681167262e-01 -3.868188481097878384e-04
-1.730377692098552522e-01 -7.419978874386506940e-02 -2.828169406246702211e-01 -1.465142316796222977e-01 -1.032043753523607943e-02
-1.723284751164093076e-01 -7.149853235688752306e-02 -2.879131261949962606e-01 -1.402369834627466005e-01 -1.966199247378463966e-02
-1.715614112615262976e-01 -6.878997042987711197e-02 -2.930589225740386494e-01 -1.339185865177051626e-01 -2.893012242480452745e-02
-1.707241808801735761e-01 -6.607595087694931313e-02 -2.982908381357817218e-01 -1.275169824437768773e-01 -3.791766284742034698e-02
-1.697497810650840377e-01 -6.335244470568089648e-02 -3.037010232278935518e-01 -1.206179119474179579e-01 -4.614855279009864863e-02
-1.687097118607643886e-01 -6.063569572555180254e-02 -3.089848142267250797e-01 -1.139369670009363067e-01 -5.421649548016053977e-02
-1.675298381526231783e-01 -5.786095802322804849e-02 -3.142479438689134708e-01 -1.067207916697742315e-01 -6.132376582054464842e-02
-1.662766347856555749e-01 -5.507616237280950344e-02 -3.192355698663909558e-01 -9.959614722137836995e-02 -6.791309402499971781e-02
-1.649479498594366711e-01 -5.229118550715718128e-02 -3.241148264188343786e-01 -9.276185823095897676e-02 -7.365634490868676332e-02
-1.634642567297672211e-01 -4.946653305009775237e-02 -3.289494326252916934e-01 -8.558563501879254409e-02 -7.733602495614659567e-02
-1.619134316636577919e-01 -4.663423154080079125e-02 -3.334009918796326799e-01 -7.957170266064571285e-02 -7.918513171973133591e-02
-1.602121962365960495e-01 -4.369592511428260773e-02 -3.375336757334035376e-01 -7.454761688558889099e-02 -7.662029033547633483e-02
-1.584040560710837098e-01 -4.070670717004912231e-02 -3.413759274189315795e-01 -7.025030153026437518e-02 -7.145310733930688996e-02
-1.565055979322717561e-01 -3.773817024109721308e-02 -3.450277013246210167e-01 -6.675337006688440711e-02 -6.475782039471734974e-02
-1.544027762110813939e-01 -3.473367842108994463e-02 -3.484862824159505323e-01 -6.304817007565591269e-02 -5.545739969916520240e-02
-1.522022293522152514e-01 -3.173503348605863361e-02 -3.514412249302300006e-01 -6.033035942776290156e-02 -4.439360629214018916e-02
-1.498396838758329908e-01 -2.870391374227757031e-02 -3.539602859559609627e-01 -5.797492389377447569e-02 -3.066335044006603117e-02
-1.472963488553876155e-01 -2.569017205216217459e-02 -3.561893670311768734e-01 -5.612326136568070861e-02 -1.389772434155470138e-02
-1.446669982582107772e-01 -2.274238209797986576e-02 -3.579894059818278240e-01 -5.557362683431799760e-02 5.316205822092953670e-03
-1.418144632171967900e-01 -1.981386194115088151e-02 -3.596093984931597598e-01 -5.494471145770832288e-02 2.785773688948765814e-02
-1.388645903906323420e-01 -1.701611886301485077e-02 -3.607039344184159169e-01 -5.539204909499147872e-02 5.159694718745615194e-02
-1.357658446157871679e-01 -1.427281189757852176e-02 -3.614356548670350500e-01 -5.578336088268569942e-02 7.616896485117602422e-02
-1.324593645953682508e-01 -1.161664826535689643e-02 -3.619154855517039415e-01 -5.512169748907720657e-02 1.006581631524835901e-01
-1.290531462474635016e-01 -9.135713401255157740e-03 -3.618733194641632345e-01 -5.408313573091463877e-02 1.226688350455625437e-01
-1.253676998730294812e-01 -6.814455313239237144e-03 -3.616061303188372045e-01 -5.086299295521473640e-02 1.427057905486056322e-01
-1.215341412760129747e-01 -4.697609109955550033e-03 -3.613010514561385000e-01 -4.642972245132277048e-02 1.599030966469243420e-01
-1.175544000479115253e-01 -2.720718760918949819e-03 -3.606715813481384814e-01 -4.176933462412653342e-02 1.761446224256959514e-01
-1.132882530872215826e-01 -8.089760957494529503e-04 -3.599365358428498474e-01 -3.590474709728855990e-02 1.930244137045081243e-01
-1.088178954953290534e-01 9.863002993467095969e-04 -3.587439767412979319e-01 -3.003143455998999456e-02 2.095205972847578590e-01
-1.040481503585266171e-01 2.759003841855650618e-03 -3.569187886753617533e-01 -2.303259436931365256e-02 2.262054260353815738e-01
-9.897524551460103182e-02 4.400354353913810135e-03 -3.533439113281953703e-01 -1.607303345373328751e-02 2.408832805051729364e-01
-9.365019291402973400e-02 5.882286843089584716e-03 -3.487213234894969704e-01 -9.006685210708242906e-03 2.544121905160390829e-01
-8.793588077017124027e-02 7.290395561738161057e-03 -3.430713844246771060e-01 -9.828306303092809726e-04 2.676167294845859801e-01
-8.192288255199338398e-02 8.475470093182724263e-03 -3.354989789775231213e-01 6.256915823785097475e-03 2.777764101705677002e-01
-7.532218368480415871e-02 9.348213209214056851e-03 -3.242823377832510512e-01 1.335963136966765441e-02 2.840255543423593210e-01
-6.816021825178231186e-02 9.928741730089840622e-03 -3.085145408163825764e-01 1.939281039640550208e-02 2.848763582661773541e-01
-6.049828407500214278e-02 1.000858597650838844e-02 -2.896363386725663847e-01 2.405404067767689946e-02 2.811424087612463540e-01
-5.203874750160816104e-02 9.648601713971111105e-03 -2.666245409305687541e-01 2.881368652061427893e-02 2.725711742338353671e-01
-4.201125357555604567e-02 8.651849171577741249e-03 -2.263765426926040714e-01 2.880917851111702843e-02 2.417156178395919452e-01
-2.970729617464108741e-02 6.739236861529079858e-03 -1.637931472097169383e-01 2.356367859620177307e-02 1.828491346260165962e-01
-1.558267867922842609e-02 3.958830337854740700e-03 -8.417395190633514268e-02 1.421126498135281968e-02 9.983592321106515843e-02
0.000000000000000000e+00 0.000000000000000000e+00 0.000000000000000000e+00 0.000000000000000000e+00 0.000000000000000000e+00
