1.396701780496024600e-02 3.951161165638997219e-03 3.862385943468017550e-03
1.982998481784086636e-02 7.820044531265394477e-03 1.128815149239008504e-02
1.367704127867782303e-02 9.602746812084114042e-03 1.075728341034853756e-02
1.304556433687386642e-02 1.064161574278876810e-02 1.060183961172761306e-02
1.529137816592556452e-02 1.103916615324732411e-02 1.160582397543020658e-02
1.666645492440020290e-02 1.131660773217644730e-02 1.211203861530567999e-02
2.028260105966725110e-02 1.217917803911616401e-02 1.260979827398299100e-02
2.149764421329796241e-02 1.300020079829506715e-02 1.335956235359710316e-02
2.327391898440482262e-02 1.330115057095670322e-02 1.275318606193995112e-02
2.601945211994104168e-02 1.405507162933667537e-02 1.246122538518527369e-02
2.779043806076636133e-02 1.358812401531095913e-02 1.268748762677014696e-02
2.852046822196046064e-02 1.381729118588231886e-02 1.312889795881695687e-02
2.891102023528612994e-02 1.445111113209291732e-02 1.335269171240563262e-02
3.291962100807075547e-02 1.465569197798088225e-02 1.393893105696590064e-02
3.481097313303747887e-02 1.547094285968860297e-02 1.414696488587887865e-02
3.632313609135022492e-02 1.600568481875712726e-02 1.449460690080797524e-02
3.685385532050269169e-02 1.637553846208901487e-02 1.442704716683429304e-02
3.593878472101879468e-02 1.594999067188683159e-02 1.499576299326917626e-02
3.613341342825163865e-02 1.614461715716638754e-02 1.589536782357139216e-02
3.476818080934699490e-02 1.665852220806760681e-02 1.519587393999746044e-02
3.455388578106292907e-02 1.745394389939798965e-02 1.576171476826646739e-02
4.195001418099467139e-02 1.751781990988819648e-02 1.605666030783827261e-02
3.959432704479169673e-02 1.842037796925506676e-02 1.623729510671547555e-02
4.254808404818122974e-02 1.762193192047228907e-02 1.654016024004935359e-02
3.892826958325253800e-02 1.806415499741726577e-02 1.643165662265183916e-02
4.436018670505201961e-02 1.822370031100171983e-02 1.741243225455361282e-02
4.109441884342850820e-02 1.810059184539710223e-02 1.720084247494119492e-02
4.730624522349309580e-02 1.888074333012153966e-02 1.634720824841823239e-02
4.279930336876001939e-02 1.979235784604436652e-02 1.702644428572744340e-02
4.072946576361236720e-02 1.973309570319297865e-02 1.693644900758544194e-02
4.004670182101034009e-02 2.037167311795229710e-02 1.724457774707748373e-02
4.286937382584824624e-02 2.000441615184858982e-02 1.813694001003056389e-02
4.484358866755766559e-02 1.896763725539557868e-02 1.786760681902421072e-02
4.522961918313169599e-02 1.875724568833873201e-02 1.797621692638297353e-02
4.082325103611893907e-02 1.939550285943511532e-02 1.802338775283370692e-02
4.401001083363065280e-02 1.989214465400032314e-02 1.763482243726112106e-02
4.212186655952940284e-02 1.856772160886793407e-02 1.662267821100938542e-02
4.559956217047914095e-02 1.732130169977247336e-02 1.728594587560841611e-02
4.462947004575333609e-02 2.033307846214488929e-02 1.533471355185126415e-02
4.228868345439877607e-02 2.013328155503721351e-02 1.702835695240947217e-02
4.488257771208230273e-02 2.047888136923172245e-02 1.553964452790295228e-02
4.500474875194249852e-02 2.012487351373849417e-02 1.597342323318923576e-02
4.635706040914677056e-02 2.095188752626097467e-02 1.388565578019292437e-02
4.329076596121008563e-02 2.245345026330686569e-02 1.419326991194020358e-02
4.436951119011497274e-02 2.244362102265469797e-02 1.407188146274245336e-02
4.554388335705533003e-02 2.140849052361323140e-02 1.419954714730317299e-02
4.696967592341250858e-02 2.202656541268930082e-02 1.431030107174674493e-02
4.533082123640884420e-02 2.222813243621861445e-02 1.435238344384208269e-02
4.468828096058595489e-02 2.156580295999449559e-02 1.485139427846201080e-02
4.217161215139109826e-02 2.369650362439352023e-02 1.513834482575065338e-02
4.248250645908319828e-02 2.295748631314561278e-02 1.494005764889502416e-02
4.799540923677387411e-02 2.401951865238367498e-02 1.597482288811110165e-02
5.035968779408293849e-02 2.463774736810820168e-02 1.557126353164698350e-02
4.830833342495118726e-02 2.635206147651187464e-02 1.643185861769926037e-02
5.360819515654642597e-02 2.409462020958565154e-02 1.627353358119262156e-02
4.811162351884087918e-02 2.466695588966750022e-02 1.558049152537116684e-02
4.840028958454015151e-02 2.381976459327866599e-02 1.693435951887744401e-02
4.946324458050089384e-02 2.473855800895072982e-02 1.673223378744911199e-02
5.292802652979622380e-02 2.539136661251075247e-02 1.727157107046886284e-02
5.159098001938403066e-02 2.508259841382409414e-02 1.673032150784403704e-02
5.047441826245694513e-02 2.570415532641413120e-02 1.717575641362623778e-02
4.829142716494150972e-02 2.519757108375154583e-02 1.845448180182200290e-02
4.991696849848371864e-02 2.497659537103252142e-02 1.692876970819176541e-02
5.236337535265904453e-02 2.567864649213353820e-02 1.602817301737490333e-02
5.141267573944267172e-02 2.469456669483258843e-02 1.600616623812172595e-02
4.887852319800669448e-02 2.659183445507200261e-02 1.611816449362143272e-02
5.200220563617709291e-02 2.694203822106148311e-02 1.555087345674450831e-02
5.264234815695756353e-02 2.670522260136595771e-02 1.590021717064977677e-02
4.908782211489456926e-02 2.598451453746826456e-02 1.565058582528320447e-02
5.143552846832481068e-02 2.631930221490238683e-02 1.666777231363875816e-02
4.764861625222201191e-02 2.674254766248270951e-02 1.656456522956678210e-02
4.881512170967089448e-02 2.652749807370443150e-02 1.497445977734560008e-02
5.173472459179742633e-02 2.837235438618626593e-02 1.579725910446762999e-02
4.821285604234081673e-02 2.715985052098963959e-02 1.644175252992895533e-02
4.447907823981355618e-02 2.556086482666740378e-02 1.604990945217958653e-02
4.497257083729654104e-02 2.666174899910121743e-02 1.590147936716856600e-02
4.660979038706699468e-02 2.536047083987203951e-02 1.743507884368646066e-02
4.283488267182865988e-02 2.708262295695614691e-02 1.770011094829276529e-02
4.544122322146293413e-02 2.419759626583249668e-02 1.561100465804813112e-02
4.223086977316665297e-02 2.495140900051754512e-02 1.642583627167500115e-02
4.552038350586048304e-02 2.287060984965765681e-02 1.756206212712837708e-02
4.093169941762771213e-02 2.509877316291296220e-02 1.641571110273657222e-02
4.052998310480262351e-02 2.537565956917509080e-02 1.666123361171814241e-02
3.990268799781575976e-02 2.504567518149630051e-02 1.562565663723810422e-02
4.045554412561066376e-02 2.465320725602767118e-02 1.582586099600079635e-02
4.145137592827126405e-02 2.405874798174086060e-02 1.695663459303288143e-02
4.002627386919260094e-02 2.511692908721889841e-02 1.654745802975371438e-02
3.933370567634247167e-02 2.362926004092984200e-02 1.628737748324867590e-02
4.027619872506232185e-02 2.335196693155516118e-02 1.652485439032013587e-02
3.966298827719236947e-02 2.327462475314625093e-02 1.565746739207966864e-02
3.661842226837136449e-02 2.230273047122085031e-02 1.669358364627034769e-02
3.746639675043468565e-02 2.263003143421637997e-02 1.588713940569189825e-02
3.963398795647273681e-02 2.225394825668150500e-02 1.614841595548067651e-02
3.765167702372248376e-02 2.347187828750661731e-02 1.659059087533276342e-02
3.574194527856269094e-02 2.215823869606577123e-02 1.608719552045114604e-02
3.874592106823044474e-02 2.127433860886834491e-02 1.571544197724689465e-02
3.609653234982433678e-02 2.132170922831412574e-02 1.630961997637641464e-02
3.658274082924151127e-02 2.236936279907017142e-02 1.576235381350985301e-02
3.866157905456024668e-02 2.213042081980672038e-02 1.638417053235667609e-02
3.347710545256210590e-02 2.198187261924351016e-02 1.714246407336981678e-02
3.774615823324673630e-02 2.250162292197301767e-02 1.686675420465122421e-02
3.507926267449239938e-02 2.166030421140166529e-02 1.634757588800009320e-02
3.431529400798173646e-02 2.180379518455957330e-02 1.645745178548859919e-02
3.765525827061837888e-02 2.087877631874318629e-02 1.691255001929936955e-02
3.574091743045166442e-02 2.103850422522614977e-02 1.733008157062312232e-02
3.232678815248984927e-02 2.165300220616393073e-02 1.659988535849354907e-02
3.278093993491962982e-02 2.100760742434746101e-02 1.668936629791784032e-02
3.394407309597281819e-02 2.087972054313457296e-02 1.708828329099060239e-02
3.551371704475145968e-02 2.230566217955884389e-02 1.771362044525065516e-02
3.397514073066090073e-02 2.207367199130832319e-02 1.747190611352333195e-02
3.425494516235190468e-02 2.049614816243873830e-02 1.680984111697615691e-02
3.348523092745014917e-02 2.112380859863830992e-02 1.666822980936802368e-02
3.218640021183195171e-02 1.978102301418888445e-02 1.749603418107529770e-02
3.416751308835479228e-02 2.019911629682668089e-02 1.626973952226551043e-02
3.063329673326796107e-02 2.070886352529175203e-02 1.671202431406209818e-02
3.137734234971314290e-02 1.911333899929684027e-02 1.607553525706349046e-02
3.162464249525483856e-02 2.011979463920426231e-02 1.590623147756190653e-02
3.113422253801137116e-02 2.130378702456924359e-02 1.549843594086046036e-02
2.963678411754042119e-02 1.995960941634199529e-02 1.600246270125045556e-02
3.084591004560072180e-02 2.053783815284041317e-02 1.635867635158753594e-02
3.307099925599456258e-02 1.984585658457968874e-02 1.626089366856298818e-02
3.154058046441046703e-02 1.947972984378597977e-02 1.553969201382908970e-02
3.038131362625132517e-02 2.091920831303242106e-02 1.636105909231195046e-02
2.991239236942883420e-02 1.903079117378446428e-02 1.656983768762017653e-02
3.062588904729053249e-02 2.177147219317904225e-02 1.568376912410180540e-02
3.075678935353998861e-02 1.919305690213338883e-02 1.525900548452092248e-02
2.923194603895895236e-02 1.895676423107934758e-02 1.498332871538174578e-02
2.946243132421441299e-02 2.041479311295385513e-02 1.604266940697886626e-02
3.097698321067937979e-02 1.941290095937224514e-02 1.486073805623721114e-02
2.780659386023677862e-02 2.054993669313696578e-02 1.577546765114630489e-02
3.020661913193578227e-02 2.037467603132580088e-02 1.601607242584513965e-02
2.895276306133280630e-02 2.081175437699710196e-02 1.536472927516972266e-02
2.914061958420618298e-02 1.882792343935203033e-02 1.503258552494756914e-02
3.019665226609276679e-02 2.020640659702271566e-02 1.544251646663187191e-02
2.901236986706727181e-02 2.007198012271101464e-02 1.569351533099563184e-02
2.604410067007581486e-02 1.969021332855154516e-02 1.516016299910953949e-02
2.795688933000943163e-02 1.932620248154240383e-02 1.613121049146910499e-02
2.823146836438169757e-02 1.950112835881727749e-02 1.572821664399929806e-02
2.934582982103051130e-02 1.786093420209896795e-02 1.662350310967556505e-02
2.701919478696391749e-02 1.882412179547707232e-02 1.620362319339567134e-02
2.849409853068025911e-02 1.881248592671194708e-02 1.638000147346871382e-02
2.880603022028462717e-02 1.977090365077716072e-02 1.557473824766000478e-02
2.754472968128066079e-02 1.783303080201034674e-02 1.644858932107645666e-02
2.948370842170420017e-02 1.868198705238928101e-02 1.632095951530617567e-02
2.582846985714100027e-02 1.761929077227545812e-02 1.560831756326101077e-02
2.754122111935003447e-02 1.858113337437625537e-02 1.550324239961813587e-02
2.703580296959392018e-02 1.875652328769343222e-02 1.558892595525957457e-02
2.589984077876305787e-02 1.797387089781345496e-02 1.418212546847744115e-02
2.681984183623594212e-02 1.852484305947144083e-02 1.558632785523557385e-02
2.699019717255441569e-02 1.706665738548610728e-02 1.447803598868801361e-02
2.586226830808517271e-02 1.716333106747534865e-02 1.672538961858793458e-02
2.470434055523496736e-02 1.841185019199550327e-02 1.509483577645214132e-02
2.374369521278684239e-02 1.674561051352362745e-02 1.476965495507856149e-02
2.451345292350085719e-02 1.785760556813966241e-02 1.469977356085420094e-02
2.448285763436641380e-02 1.713753673016535015e-02 1.440169763744849306e-02
2.400806660514108112e-02 1.785462626021896287e-02 1.590907441095586183e-02
2.530336408569031428e-02 1.701704751665753662e-02 1.486521206758853290e-02
2.423543536485149238e-02 1.740040793772047387e-02 1.495727744232839586e-02
2.373606085029153837e-02 1.822256788405310010e-02 1.488482875660564198e-02
2.326588377551789752e-02 1.811425744022649928e-02 1.486713964837187499e-02
2.324184636781033084e-02 1.751108703821377399e-02 1.464655316576759549e-02
2.355048650546334374e-02 1.750021221390873558e-02 1.537586034546921561e-02
2.424638728449614658e-02 1.839861306241120237e-02 1.608174644000145981e-02
2.389371225005757632e-02 1.746066142319049885e-02 1.661220034526227074e-02
2.313274866231381302e-02 1.841503188498391785e-02 1.465228815058813860e-02
2.341274933159524785e-02 1.848287002752120947e-02 1.464316360730468815e-02
2.424931358208378546e-02 1.714821400777192043e-02 1.464076563446203329e-02
2.422682234581933700e-02 1.783011555559872729e-02 1.402222200385013634e-02
2.274885452819093781e-02 1.884158463227486591e-02 1.410825473783058545e-02
2.222049666448312061e-02 1.783584071273484548e-02 1.453944425066914202e-02
2.290676996351807826e-02 1.809313995918913551e-02 1.518840651649922512e-02
2.300074880911601172e-02 1.696623205974065463e-02 1.511567876295475017e-02
2.181973466989188537e-02 1.736239703976518237e-02 1.386328560151463100e-02
2.177600654439730554e-02 1.850276310067071675e-02 1.449626423178390806e-02
2.291180519888381256e-02 1.733182605608884347e-02 1.549144480569845245e-02
2.233848337724448838e-02 1.878118309595364424e-02 1.473638598804386662e-02
2.221268049469250425e-02 1.670106335723172547e-02 1.564213894296827972e-02
2.212983753660346595e-02 1.625180394608193024e-02 1.476976957173855957e-02
2.263910890224104730e-02 1.631339313458531753e-02 1.443738355753568237e-02
2.245254933172764755e-02 1.573060422554812751e-02 1.459582674502423773e-02
2.323790263195879210e-02 1.671777650813012842e-02 1.542478895334544776e-02
2.354106650586201485e-02 1.581524221865612811e-02 1.687648067217485670e-02
2.304721016450285431e-02 1.634502803651964598e-02 1.558941761308523313e-02
2.307500388913755196e-02 1.568920722259422793e-02 1.672998902265420210e-02
2.062647912147113488e-02 1.637701368609069050e-02 1.627214780561243856e-02
2.173677460776792664e-02 1.606109014890551648e-02 1.555983328590114512e-02
2.253217576033343314e-02 1.551440849422447248e-02 1.428751084634909303e-02
2.227027581649074911e-02 1.479819109670557457e-02 1.549906038846276916e-02
2.034646809815810267e-02 1.675213479072078931e-02 1.480435686860284011e-02
2.062146942285458112e-02 1.605083871974504611e-02 1.450959559012720591e-02
2.088632797377357533e-02 1.577719422901752155e-02 1.535607156215837432e-02
2.004171946104869179e-02 1.550489484662458638e-02 1.464067162873470065e-02
1.899063723198505041e-02 1.415433724535702410e-02 1.512696996813188074e-02
2.120433382371016140e-02 1.433000530481989485e-02 1.507500132674238595e-02
2.018360851954925997e-02 1.394900791070573937e-02 1.514121697463800820e-02
1.951017916943259892e-02 1.389454827286504268e-02 1.432891750924460660e-02
2.103594542385257490e-02 1.428505411853275842e-02 1.416427527799257388e-02
2.057534023089076930e-02 1.339533030788971762e-02 1.515427960126037102e-02
2.062528770258081900e-02 1.434169505488596362e-02 1.437250229226861610e-02
2.216344229339638899e-02 1.406948331916982320e-02 1.424774084468736005e-02
2.127136348154110013e-02 1.368117779297193387e-02 1.392076439948771935e-02
1.932365540200976436e-02 1.355378300310166283e-02 1.560805074575027235e-02
1.964062162439199691e-02 1.361787663097604149e-02 1.473685592549681990e-02
1.925939717257111466e-02 1.355056661076717989e-02 1.465199105936333158e-02
1.793885875308571382e-02 1.251447817556227381e-02 1.509117430080405761e-02
1.984156089156307104e-02 1.262308951103194646e-02 1.447081166323783107e-02
1.811451773945655860e-02 1.228219820808329477e-02 1.681264488465872287e-02
1.941792798881936816e-02 1.204668195881179911e-02 1.505413211113740095e-02
2.062525378806452994e-02 1.188541116056922656e-02 1.414292656707210986e-02
1.910689482130291730e-02 1.215628277270646741e-02 1.525622557180440070e-02
1.898800129547999205e-02 1.300625268031250018e-02 1.405818462238790471e-02
1.991602853230113601e-02 1.193845052615801275e-02 1.553958033589085234e-02
2.169120514800561977e-02 1.117868984117137941e-02 1.449363833558993571e-02
2.087443746925633434e-02 1.082392683804027714e-02 1.507314806368393635e-02
2.036175142063269966e-02 1.255982598262347927e-02 1.566093903066117024e-02
2.019062368046443956e-02 1.333433632267281600e-02 1.300319982072980010e-02
1.910243207431120208e-02 1.231837807536594921e-02 1.460620945216020705e-02
1.980813880524801354e-02 1.336390511528305278e-02 1.435707655529302670e-02
1.935906817443736397e-02 1.352751413588092547e-02 1.450421324442650872e-02
1.945557075746623746e-02 1.313353679880113235e-02 1.488253616587555117e-02
1.906429980204258842e-02 1.255795213106489401e-02 1.665381499407695906e-02
1.877086493689501812e-02 1.455852608621326094e-02 1.419844124858319484e-02
1.863959219999764688e-02 1.523227726987308982e-02 1.403752635851649236e-02
1.820007800297653716e-02 1.540272301844928388e-02 1.442474168929584050e-02
1.780525566604442000e-02 1.624194012767170292e-02 1.397723831536085148e-02
1.817579277931630211e-02 1.873308279810308868e-02 1.438880943969966797e-02
1.809726798474647555e-02 1.641959992968245949e-02 1.376587694316235358e-02
1.871811366255506440e-02 1.648062860608172711e-02 1.429511623715491384e-02
1.858161028400231313e-02 1.566266468928421279e-02 1.316757511569001220e-02
1.780924752689479890e-02 1.680587542383056576e-02 1.386926732096946564e-02
1.934696103392516409e-02 1.662181726947037710e-02 1.251917887095362579e-02
1.829089143411830737e-02 1.590151484031600976e-02 1.434269931356125724e-02
2.023301929157284365e-02 1.569345869853013345e-02 1.482816696302728492e-02
1.872271058317482792e-02 1.775428272041975133e-02 1.472664140682220651e-02
1.855506051831198877e-02 1.636451813987385012e-02 1.579720944018119660e-02
1.601420291186016198e-02 1.524162655236955578e-02 1.553575691267044916e-02
1.729456248934497717e-02 1.577556386331071397e-02 1.571670838954947191e-02
1.923547283052345902e-02 1.676564214190841284e-02 1.467998968821661657e-02
1.665507704245572720e-02 1.422003527429980402e-02 1.424709204076661864e-02
1.827662479036347085e-02 1.491079241294437745e-02 1.309828112482331296e-02
1.824392813368050717e-02 1.537735835479489728e-02 1.471599501194516962e-02
1.796129643771994869e-02 1.339098738242353384e-02 1.361371839990642429e-02
1.707180303660728315e-02 1.571699847836189115e-02 1.364879316096837859e-02
1.660095321362110160e-02 1.333014865146173351e-02 1.532346069307617860e-02
1.667331403996341957e-02 1.242071094085077029e-02 1.333069525812237421e-02
1.608069246489438747e-02 1.201607399071494449e-02 1.301616577408492605e-02
1.542601261839605942e-02 1.207822116824108089e-02 1.231860056655041322e-02
1.572757824486514799e-02 1.295922950365448710e-02 1.273484617037780146e-02
1.510163253885014358e-02 1.178006036248962010e-02 1.185626677895352220e-02
1.398184816818289107e-02 1.129685985770990421e-02 1.363611951236550282e-02
1.291158831513722523e-02 9.854275270306106504e-03 1.259641431695030650e-02
1.298370085645782039e-02 9.510412564868196694e-03 9.388965490276427947e-03
1.089488541543500236e-02 1.905994634259876655e-03 7.207921180520759745e-03
1.028061561678163607e-02 3.766957477920353063e-03 5.624423229637639556e-03
6.984843716183493714e-03 5.506262838013778645e-03 1.941278972327138350e-03
3.695044650219054139e-03 5.390902733612677918e-03 8.924042253817323148e-03
